Timestamp,User Count,Type,Name,Requests/s,Failures/s,50%,66%,75%,80%,90%,95%,98%,99%,99.9%,99.99%,100%,Total Request Count,Total Failure Count,Total Median Response Time,Total Average Response Time,Total Min Response Time,Total Max Response Time,Total Average Content Size
1744906010,0,,Aggregated,0.000000,0.000000,N/A,N/A,N/A,N/A,N/A,N/A,N/A,N/A,N/A,N/A,N/A,0,0,0,0.0,0,0,0
1744906011,0,,Aggregated,0.000000,0.000000,N/A,N/A,N/A,N/A,N/A,N/A,N/A,N/A,N/A,N/A,N/A,0,0,0,0.0,0,0,0
1744906012,1,,Aggregated,0.000000,0.000000,9,17,47,47,110,110,110,110,110,110,110,8,0,8,25.57076849961959,2.7842609997605905,113.52454599909834,171.625
1744906013,3,,Aggregated,0.000000,0.000000,6,9,10,11,76,110,140,140,140,140,140,32,0,6,19.21472021911086,1.6653809980198275,135.48053900012746,171.625
1744906014,5,,Aggregated,4.000000,0.000000,5,8,10,11,79,95,110,140,140,140,140,72,0,5,17.376424416498693,1.6653809980198275,135.48053900012746,171.625
1744906015,6,,Aggregated,10.666667,0.000000,5,8,9,11,77,95,110,130,140,140,140,120,0,5,16.918314274880686,1.6653809980198275,135.48053900012746,171.64166666666668
1744906016,8,,Aggregated,17.250000,0.000000,5,8,9,10,76,93,130,140,190,190,190,181,0,5,16.81049796135582,1.6408860028604977,191.88337800005684,168.13259668508286
1744906017,10,,Aggregated,21.800000,0.000000,5,8,9,10,75,92,110,140,190,190,190,253,0,5,16.675511454558738,1.5320109996537212,191.88337800005684,169.17391304347825
1744906018,11,,Aggregated,27.166667,0.000000,6,8,9,11,76,95,140,190,280,280,280,330,0,5,18.99606212121426,1.5320109996537212,284.5653019976453,170.97878787878787
1744906019,13,,Aggregated,32.714286,0.000000,6,8,10,13,76,110,180,200,280,280,280,416,0,6,21.96821876200899,1.5320109996537212,284.5653019976453,169.4783653846154
1744906020,15,,Aggregated,38.375000,0.000000,7,9,13,23,77,140,200,220,280,280,280,510,0,7,25.225789686252636,1.5320109996537212,284.5653019976453,168.36470588235295
1744906021,16,,Aggregated,43.777778,0.000000,7,11,18,45,79,160,250,300,330,330,330,593,0,7,30.203690703160838,1.5320109996537212,330.60445500086644,166.40978077571668
1744906022,18,,Aggregated,48.700000,0.000000,8,13,31,64,89,190,290,320,380,380,380,683,0,8,35.397613657348714,1.5320109996537212,383.0052960001922,166.63836017569545
1744906023,20,,Aggregated,57.200000,0.000000,9,18,64,75,99,200,320,380,510,510,510,775,0,9,42.6495978193059,1.5320109996537212,507.4691209993034,164.09677419354838
1744906024,21,,Aggregated,65.600000,0.000000,11,31,75,83,110,230,390,610,790,790,790,852,0,11,53.179159437711284,1.5320109996537212,790.9593279982801,166.3967136150235
1744906025,23,,Aggregated,71.800000,0.000000,13,60,80,89,110,290,590,620,790,790,790,940,0,13,60.65167290737318,1.5320109996537212,790.9593279982801,167.12234042553192
1744906026,25,,Aggregated,76.200000,0.000000,15,68,84,91,110,300,610,700,870,910,910,1033,0,15,66.48707403962256,1.5320109996537212,907.0878710008401,164.81413359148112
1744906027,26,,Aggregated,80.800000,0.000000,17,75,87,93,120,330,700,800,960,1000,1000,1122,1,17,75.41281480831675,1.5320109996537212,1002.9706249988521,166.07308377896612
1744906028,28,,Aggregated,83.900000,0.000000,20,78,89,95,180,390,770,900,1000,1000,1000,1225,3,20,83.39856152239194,1.5320109996537212,1014.9990359968797,163.14612244897958
1744906029,30,,Aggregated,87.200000,0.100000,24,80,91,97,180,490,790,900,1000,1000,1000,1322,5,24,88.5531642389801,0.9726239986775909,1014.9990359968797,162.80257186081695
1744906030,31,,Aggregated,88.500000,0.300000,28,83,92,99,190,590,810,910,1000,1000,1000,1440,5,28,93.89034118259285,0.9726239986775909,1014.9990359968797,163.13819444444445
1744906031,33,,Aggregated,90.300000,0.500000,29,83,92,99,190,610,890,940,1000,1000,1000,1571,8,29,97.96707608460157,0.8944130022427998,1018.9443069975823,163.50859325270528
1744906032,35,,Aggregated,91.200000,0.500000,30,84,93,99,190,620,900,940,1000,1000,1000,1702,10,29,100.58317578020521,0.8944130022427998,1018.9443069975823,164.27908343125733
1744906033,36,,Aggregated,93.800000,0.700000,28,83,93,100,190,630,900,960,1000,1000,1000,1840,11,28,99.62746929506031,0.8944130022427998,1018.9443069975823,162.42065217391306
1744906034,38,,Aggregated,98.400000,0.900000,27,82,92,99,190,630,890,930,1000,1000,1000,2047,11,27,99.25263217482953,0.8944130022427998,1018.9443069975823,166.07572056668295
1744906035,40,,Aggregated,105.900000,1.100000,23,80,91,98,190,600,880,910,1000,1000,1000,2272,11,23,94.22039556508301,0.8944130022427998,1018.9443069975823,165.2693661971831
1744906036,41,,Aggregated,117.700000,1.100000,22,79,90,97,180,570,830,910,1000,1000,1000,2503,11,22,91.46657281176665,0.8944130022427998,1018.9443069975823,166.37514982021574
1744906037,43,,Aggregated,130.100000,1.100000,21,78,89,96,180,530,820,910,1000,1000,1000,2744,11,21,88.95248093944136,0.8944130022427998,1018.9443069975823,166.77696793002914
1744906038,45,,Aggregated,143.800000,1.100000,19,76,88,95,170,510,800,910,1000,1000,1000,3003,11,19,86.17307976017742,0.8944130022427998,1018.9443069975823,167.13486513486512
1744906039,46,,Aggregated,155.600000,1.000000,18,75,87,94,160,500,800,900,1000,1000,1000,3258,11,18,83.45238877649534,0.8944130022427998,1018.9443069975823,168.23572744014734
1744906040,48,,Aggregated,169.900000,0.800000,17,74,86,93,130,470,790,900,1000,1000,1000,3538,11,17,80.25139903443795,0.8944130022427998,1018.9443069975823,167.01582815149803
1744906041,50,,Aggregated,186.300000,0.600000,17,71,85,91,120,420,780,900,1000,1000,1000,3842,25,17,77.89239434612655,0.8944130022427998,1018.9443069975823,167.12051015096304
1744906042,51,,Aggregated,203.000000,0.600000,14,64,82,90,110,380,720,890,1000,1000,1000,4210,25,14,72.5087831009154,0.8944130022427998,1018.9443069975823,167.57434679334918
1744906043,53,,Aggregated,222.400000,1.800000,13,57,79,88,110,310,710,880,1000,1000,1000,4588,25,13,68.4753622325269,0.8944130022427998,1018.9443069975823,167.89407149084568
1744906044,55,,Aggregated,238.900000,1.600000,13,44,77,86,110,280,700,840,1000,1000,1000,4944,25,13,64.97371821253716,0.8944130022427998,1018.9443069975823,167.02447411003237
1744906045,56,,Aggregated,260.000000,1.400000,12,30,75,84,110,210,690,830,1000,1000,1000,5313,25,12,61.886871762991504,0.8095179982774425,1018.9443069975823,168.50291737248259
1744906046,58,,Aggregated,278.900000,1.400000,11,25,72,81,100,200,630,810,1000,1000,1000,5740,25,10,58.296225328351966,0.8095179982774425,1018.9443069975823,168.52979094076656
1744906047,60,,Aggregated,296.500000,1.400000,10,22,68,79,100,200,610,800,1000,1000,1000,6170,25,10,55.73625610141905,0.8095179982774425,1018.9443069975823,168.81815235008105
1744906048,61,,Aggregated,315.000000,1.400000,10,20,65,77,100,190,600,790,1000,1000,1000,6620,25,10,52.96603938486468,0.8095179982774425,1018.9443069975823,169.00196374622357
1744906049,63,,Aggregated,335.400000,1.400000,9,19,62,75,98,180,590,790,1000,1000,1000,7045,26,9,50.752837528006026,0.8095179982774425,1018.9443069975823,169.1623846699787
1744906050,65,,Aggregated,357.000000,1.400000,9,18,58,73,97,160,570,780,1000,1000,1000,7524,26,9,48.792557104439986,0.8095179982774425,1018.9443069975823,169.64805954279637
1744906051,66,,Aggregated,373.900000,1.400000,9,17,54,71,95,150,510,730,1000,1000,1000,7966,26,9,47.04855822883148,0.8095179982774425,1018.9443069975823,169.23763494853125
1744906052,68,,Aggregated,386.900000,1.500000,9,17,50,69,94,140,500,720,1000,1000,1000,8410,26,9,45.53768156122439,0.8095179982774425,1018.9443069975823,169.684661117717
1744906053,70,,Aggregated,404.100000,0.100000,9,16,44,67,92,130,490,710,1000,1000,1000,8935,26,9,43.699902721083994,0.8095179982774425,1018.9443069975823,169.75388919977615
1744906054,72,,Aggregated,423.800000,0.100000,9,15,35,64,91,120,440,700,1000,1000,1000,9466,26,9,42.15969378902556,0.8095179982774425,1018.9443069975823,169.94992605113035
1744906055,73,,Aggregated,436.700000,0.100000,9,15,30,63,90,120,400,690,1000,1000,1000,10000,26,9,40.88312331059396,0.8095179982774425,1018.9443069975823,170.1078
1744906056,75,,Aggregated,451.200000,0.100000,9,14,28,61,89,110,380,690,1000,1000,1000,10532,26,9,39.700727118872656,0.8095179982774425,1018.9443069975823,170.1430877326244
1744906057,77,,Aggregated,460.700000,0.100000,8,14,25,59,88,110,330,640,1000,1000,1000,11083,26,8,38.54002138806823,0.8095179982774425,1018.9443069975823,170.25399260128125
1744906058,78,,Aggregated,468.200000,0.100000,8,13,24,57,87,110,310,620,1000,1000,1000,11633,26,8,37.43970327584802,0.8095179982774425,1018.9443069975823,170.19883091206052
1744906059,80,,Aggregated,479.900000,0.100000,8,13,23,55,86,110,290,620,990,1000,1000,12191,26,8,36.50116131842727,0.7818440026312601,1018.9443069975823,170.29603806086456
1744906060,82,,Aggregated,489.300000,0.100000,8,13,22,53,84,110,250,610,990,1000,1000,12737,26,8,35.55843581534007,0.7818440026312601,1018.9443069975823,170.3390908377169
1744906061,83,,Aggregated,505.100000,0.100000,8,13,21,52,84,110,220,600,980,1000,1000,13351,26,8,34.82996457942725,0.7818440026312601,1018.9443069975823,170.52318178413603
1744906062,85,,Aggregated,525.100000,0.000000,8,13,21,50,83,100,210,590,980,1000,1000,13978,26,8,34.3164974062784,0.7818440026312601,1018.9443069975823,170.64265274002003
1744906063,87,,Aggregated,534.400000,0.000000,9,14,22,49,82,100,200,590,980,1000,1000,14549,26,9,33.86338831314519,0.7818440026312601,1018.9443069975823,170.5565330950581
1744906064,88,,Aggregated,537.800000,0.000000,9,14,21,48,82,100,200,560,970,1000,1000,15116,26,9,33.32757197822548,0.7818440026312601,1018.9443069975823,170.67445091293993
1744906065,90,,Aggregated,549.900000,0.000000,9,14,21,47,81,100,200,520,970,1000,1000,15744,26,9,32.88094610516953,0.7818440026312601,1018.9443069975823,170.8223450203252
1744906066,92,,Aggregated,554.000000,0.000000,9,14,21,45,80,100,190,500,970,1000,1000,16438,26,9,32.40454868060126,0.7818440026312601,1018.9443069975823,170.889828446283
1744906067,93,,Aggregated,569.000000,0.000000,9,14,21,42,79,100,190,500,960,1000,1000,17076,26,9,31.789591547298347,0.7818440026312601,1018.9443069975823,170.41725228390723
1744906068,95,,Aggregated,582.300000,0.000000,9,14,21,40,78,100,180,490,960,1000,1000,17708,26,9,31.457107836326443,0.7818440026312601,1018.9443069975823,170.81838716964083
1744906069,97,,Aggregated,587.900000,0.000000,9,14,21,38,77,100,180,480,960,1000,1000,18380,26,9,31.018425994486307,0.7818440026312601,1018.9443069975823,170.7504896626768
1744906070,98,,Aggregated,600.800000,0.000000,9,14,21,36,77,99,180,430,940,1000,1000,19019,26,9,30.66680474854677,0.7818440026312601,1018.9443069975823,170.84894053315105
1744906071,99,,Aggregated,608.100000,0.000000,9,14,21,35,76,99,180,410,940,1000,1000,19748,26,9,30.316509301378733,0.7818440026312601,1018.9443069975823,171.10350415231923
1744906072,100,,Aggregated,619.300000,0.000000,9,15,22,35,76,98,170,390,930,1000,1000,20439,26,9,30.193211391832694,0.7645000005140901,1018.9443069975823,170.71847937766034
1744906073,100,,Aggregated,629.600000,0.000000,10,15,22,37,76,98,170,380,920,1000,1000,21063,26,10,30.19082428318239,0.7645000005140901,1018.9443069975823,170.90442956843754
1744906074,100,,Aggregated,641.000000,0.000000,10,15,23,37,75,98,160,360,920,1000,1000,21677,26,10,30.13097690237046,0.7645000005140901,1018.9443069975823,170.9441343359321
1744906075,100,,Aggregated,639.200000,0.000000,10,16,24,38,75,98,160,330,910,1000,1000,22359,26,10,30.074468167033647,0.7645000005140901,1018.9443069975823,171.02562726418893
1744906076,100,,Aggregated,651.300000,0.000000,10,16,25,40,75,97,160,310,910,1000,1000,23068,26,10,30.114834024437112,0.7645000005140901,1018.9443069975823,171.1124934974857
1744906077,100,,Aggregated,657.700000,0.000000,10,16,25,39,75,97,160,310,910,1000,1000,23698,26,10,29.9653685199469,0.7645000005140901,1018.9443069975823,170.90003375812304
1744906078,100,,Aggregated,651.800000,0.000000,10,16,25,39,75,97,160,300,910,1000,1000,24293,26,10,29.873961243678,0.7645000005140901,1018.9443069975823,170.9923023093072
1744906079,100,,Aggregated,656.700000,0.000000,10,17,25,39,74,97,160,280,910,1000,1000,24942,26,10,29.774090801966786,0.7645000005140901,1018.9443069975823,171.1768101996632
1744906080,100,,Aggregated,662.700000,0.000000,11,17,25,38,74,96,150,260,910,1000,1000,25653,26,11,29.771458196535036,0.7645000005140901,1018.9443069975823,171.12895177951896
1744906081,100,,Aggregated,667.200000,0.000000,11,17,25,38,74,96,150,250,910,1000,1000,26378,26,11,29.51607867176039,0.7645000005140901,1018.9443069975823,171.2891424672075
1744906082,100,,Aggregated,652.600000,0.000000,11,17,25,37,73,96,150,230,910,1000,1000,27009,26,11,29.373886009023966,0.7645000005140901,1018.9443069975823,171.0540930800844
1744906083,100,,Aggregated,648.300000,0.000000,11,17,25,37,73,95,150,230,910,1000,1000,27667,26,11,29.235574184616645,0.7645000005140901,1018.9443069975823,171.3214298622908
1744906084,100,,Aggregated,655.100000,0.000000,11,17,25,37,73,95,150,220,910,1000,1000,28408,26,11,28.993992155336556,0.7645000005140901,1018.9443069975823,171.35852576738947
1744906085,100,,Aggregated,663.800000,0.000000,11,17,25,36,72,94,140,210,910,1000,1000,29114,26,11,28.74731423764842,0.7645000005140901,1018.9443069975823,171.29078793707495
1744906086,100,,Aggregated,660.800000,0.000000,11,17,25,36,72,94,140,210,910,1000,1000,29716,26,11,28.607744932288767,0.7645000005140901,1018.9443069975823,171.14241486068113
1744906087,100,,Aggregated,657.000000,0.000000,11,17,25,36,72,94,140,210,910,1000,1000,30349,26,11,28.59154261135027,0.7645000005140901,1018.9443069975823,171.48252001713402
1744906088,100,,Aggregated,673.700000,0.000000,11,17,25,37,72,94,140,210,900,1000,1000,31110,26,11,28.63421743464861,0.7645000005140901,1018.9443069975823,171.40176792028288
1744906089,100,,Aggregated,680.300000,0.000000,11,17,26,37,72,94,140,210,900,1000,1000,31779,26,11,28.601748153401147,0.7645000005140901,1018.9443069975823,171.1660530539035
1744906090,100,,Aggregated,664.300000,0.000000,11,17,25,36,72,94,140,210,900,1000,1000,32354,26,11,28.46902327680908,0.7613470006617717,1018.9443069975823,171.27767818507758
1744906091,100,,Aggregated,655.600000,0.000000,11,18,26,37,72,94,140,210,900,1000,1000,33029,26,11,28.523380332976654,0.7613470006617717,1018.9443069975823,171.41245572073026
1744906092,100,,Aggregated,669.000000,0.000000,11,18,26,37,72,94,140,200,900,1000,1000,33687,26,11,28.5254176082704,0.7613470006617717,1018.9443069975823,171.35052097248197
1744906093,100,,Aggregated,677.400000,0.000000,11,18,26,37,72,94,140,200,900,1000,1000,34360,27,11,28.4271791087543,0.7613470006617717,1018.9443069975823,171.33381839348078
1744906094,100,,Aggregated,665.900000,0.000000,11,18,26,36,72,94,140,200,900,1000,1000,35065,27,11,28.283411889368875,0.7613470006617717,1018.9443069975823,171.4636246969913
1744906095,100,,Aggregated,666.400000,0.100000,11,18,26,36,72,94,140,200,900,1000,1000,35755,27,11,28.20466904745386,0.7613470006617717,1018.9443069975823,171.32929660187386
1744906096,100,,Aggregated,665.100000,0.100000,11,18,25,36,71,93,140,200,900,1000,1000,36403,27,11,28.0097402911214,0.7613470006617717,1018.9443069975823,171.42246518144108
1744906097,100,,Aggregated,664.600000,0.100000,11,18,25,36,71,93,140,200,900,1000,1000,37054,27,11,27.88924949831731,0.7613470006617717,1018.9443069975823,171.50539752793222
1744906098,100,,Aggregated,665.400000,0.100000,11,18,26,36,71,93,140,200,900,1000,1000,37767,27,11,27.960410785224404,0.7613470006617717,1018.9443069975823,171.37982895120078
1744906099,100,,Aggregated,662.100000,0.100000,11,18,26,36,71,93,140,200,900,1000,1000,38416,27,11,27.89113391658676,0.7613470006617717,1018.9443069975823,171.47173052894627
1744906100,100,,Aggregated,670.400000,0.100000,11,18,26,36,71,93,140,200,890,1000,1000,39085,27,11,27.889776281989455,0.7613470006617717,1018.9443069975823,171.43799411538953
1744906101,100,,Aggregated,668.400000,0.100000,11,18,26,36,71,93,140,200,890,1000,1000,39747,27,11,27.794563258599847,0.7613470006617717,1018.9443069975823,171.29889048230055
1744906102,100,,Aggregated,666.600000,0.100000,11,18,26,35,71,93,140,200,890,1000,1000,40388,27,11,27.676388323523582,0.7613470006617717,1018.9443069975823,171.53798157868673
1744906103,100,,Aggregated,667.100000,0.100000,11,18,25,35,71,93,140,200,890,1000,1000,41102,27,11,27.605005307881353,0.7613470006617717,1018.9443069975823,171.5395114592964
1744906104,100,,Aggregated,672.900000,0.100000,11,18,25,35,71,92,140,200,890,1000,1000,41825,27,11,27.504260291463243,0.7613470006617717,1018.9443069975823,171.5145726240287
1744906105,100,,Aggregated,669.400000,0.000000,11,18,25,35,70,92,130,190,890,1000,1000,42475,27,11,27.413518830993887,0.7613470006617717,1018.9443069975823,171.45589170100058
1744906106,100,,Aggregated,666.800000,0.000000,11,18,25,35,70,92,130,190,890,1000,1000,43125,27,11,27.383484651141906,0.7613470006617717,1018.9443069975823,171.61546666666666
1744906107,100,,Aggregated,671.600000,0.000000,11,18,25,35,70,92,130,190,890,1000,1000,43834,27,11,27.23689419730029,0.7613470006617717,1018.9443069975823,171.61997536159146
1744906108,100,,Aggregated,669.600000,0.000000,11,18,25,34,70,92,130,190,890,1000,1000,44549,27,11,27.108680683438102,0.7613470006617717,1018.9443069975823,171.63179869357336
1744906109,100,,Aggregated,667.800000,0.000000,11,17,25,34,70,91,130,190,880,1000,1000,45199,27,11,26.975006249175912,0.7613470006617717,1018.9443069975823,171.54005619593354
1744906110,100,,Aggregated,671.600000,0.000000,11,18,25,34,69,91,130,190,880,1000,1000,45914,27,11,26.968586929726605,0.7613470006617717,1018.9443069975823,171.6319423269591
1744906111,100,,Aggregated,680.700000,0.000000,11,18,25,35,70,91,130,190,880,1000,1000,46640,27,11,27.04941883373611,0.7613470006617717,1018.9443069975823,171.60111492281303
1744906112,100,,Aggregated,676.900000,0.000000,11,18,25,34,69,91,130,190,870,1000,1000,47237,27,11,26.933433372641794,0.7613470006617717,1018.9443069975823,171.52748904460486
1744906113,100,,Aggregated,667.700000,0.000000,11,18,25,34,69,91,130,190,870,1000,1000,47872,27,11,26.901290426689794,0.7613470006617717,1018.9443069975823,171.5749080882353
1744906114,100,,Aggregated,674.100000,0.000000,11,18,26,35,69,91,130,190,850,1000,1000,48560,27,11,26.95760324842502,0.7613470006617717,1018.9443069975823,171.6003294892916
1744906115,100,,Aggregated,681.400000,0.000000,11,18,26,35,69,91,130,190,840,1000,1000,49276,27,11,26.92794917145286,0.7613470006617717,1018.9443069975823,171.62468544524717
1744906116,100,,Aggregated,673.700000,0.000000,11,18,26,35,69,90,130,190,840,1000,1000,49870,27,11,26.88534427392222,0.7613470006617717,1018.9443069975823,171.60677762181672
1744906117,100,,Aggregated,676.500000,0.000000,11,18,26,35,69,91,130,190,830,1000,1000,50499,27,11,26.919355991495216,0.7613470006617717,1018.9443069975823,171.58874433157092
1744906118,100,,Aggregated,670.000000,0.000000,11,18,26,35,69,91,130,190,830,1000,1000,51213,27,11,26.873415751654782,0.7613470006617717,1018.9443069975823,171.67072813543436
1744906119,100,,Aggregated,667.000000,0.000000,11,18,25,35,69,90,130,190,830,1000,1000,51964,27,11,26.71058781642102,0.7613470006617717,1018.9443069975823,171.66232391655763
1744906120,100,,Aggregated,661.400000,0.000000,11,18,25,34,69,90,130,180,830,1000,1000,52639,27,11,26.684442728272433,0.7613470006617717,1018.9443069975823,171.56454339938068
1744906121,100,,Aggregated,659.700000,0.000000,11,18,25,34,69,90,130,190,830,1000,1000,53278,27,11,26.63292983543888,0.7613470006617717,1018.9443069975823,171.63322572168624
1744906122,100,,Aggregated,666.800000,0.000000,11,18,25,34,69,90,130,180,830,1000,1000,53956,27,11,26.523827992485714,0.7613470006617717,1018.9443069975823,171.66483801616133
1744906123,100,,Aggregated,676.900000,0.000000,11,18,25,34,69,90,130,180,820,1000,1000,54608,27,11,26.5286340837528,0.7613470006617717,1018.9443069975823,171.67664078523293
1744906124,100,,Aggregated,671.900000,0.000000,11,18,25,34,69,90,130,190,820,1000,1000,55299,27,11,26.48743279235635,0.7613470006617717,1018.9443069975823,171.65422521202916
1744906125,100,,Aggregated,666.100000,0.000000,11,18,25,34,69,90,130,180,820,1000,1000,55939,27,11,26.41140166714707,0.7613470006617717,1018.9443069975823,171.6262178444377
1744906126,100,,Aggregated,675.600000,0.000000,11,18,25,34,69,90,130,180,810,1000,1000,56638,27,11,26.457283304364577,0.7613470006617717,1018.9443069975823,171.67924361735936
1744906127,100,,Aggregated,667.900000,0.000000,11,18,25,34,69,90,130,180,810,1000,1000,57331,27,11,26.40950545925634,0.7613470006617717,1018.9443069975823,171.68666166646318
1744906128,100,,Aggregated,668.900000,0.000000,11,18,25,34,69,90,130,180,810,1000,1000,58034,27,11,26.43043983526173,0.7613470006617717,1018.9443069975823,171.6978323052004
1744906129,100,,Aggregated,668.700000,0.000000,12,18,25,34,69,90,130,180,810,1000,1000,58715,27,12,26.41971801949321,0.7613470006617717,1018.9443069975823,171.6679042834029
1744906130,100,,Aggregated,672.900000,0.000000,11,18,25,34,69,90,130,180,800,1000,1000,59336,27,11,26.36316798320589,0.7613470006617717,1018.9443069975823,171.6123769718215
1744906131,99,,Aggregated,676.400000,0.000000,11,18,25,34,69,90,130,180,800,1000,1000,59973,27,11,26.3248953277217,0.7613470006617717,1018.9443069975823,171.7218581695096
1744906132,98,,Aggregated,676.900000,0.000000,11,18,25,34,69,90,130,180,800,1000,1000,60650,27,11,26.327663330328186,0.7613470006617717,1018.9443069975823,171.7483264633141
1744906133,97,,Aggregated,669.100000,0.000000,12,18,25,34,69,90,130,180,800,1000,1000,61373,27,12,26.28481182258383,0.7613470006617717,1018.9443069975823,171.71164844475584
1744906134,96,,Aggregated,661.200000,0.000000,11,18,25,34,68,90,130,180,800,1000,1000,61983,27,11,26.20860556569506,0.7613470006617717,1018.9443069975823,171.71903586467258
1744906135,95,,Aggregated,658.900000,0.000000,11,18,25,33,68,90,130,180,800,1000,1000,62606,27,11,26.183623779550068,0.7613470006617717,1018.9443069975823,171.68574896974732
1744906136,94,,Aggregated,664.600000,0.000000,12,18,25,34,68,90,130,180,800,1000,1000,63278,27,12,26.177524829505995,0.7613470006617717,1018.9443069975823,171.69125130377066
1744906137,93,,Aggregated,664.800000,0.000000,12,18,25,34,68,90,130,180,800,1000,1000,63859,27,12,26.153219542843313,0.7613470006617717,1018.9443069975823,171.650855791666
1744906138,92,,Aggregated,658.500000,0.000000,12,18,25,34,68,90,130,180,800,1000,1000,64518,27,12,26.15014244161982,0.7613470006617717,1018.9443069975823,171.7285408723147
1744906139,91,,Aggregated,661.500000,0.000000,12,18,25,33,68,90,130,180,800,1000,1000,65146,27,12,26.11646418714081,0.7613470006617717,1018.9443069975823,171.6636478064655
1744906140,90,,Aggregated,654.400000,0.000000,12,18,25,33,68,90,130,180,800,1000,1000,65765,27,12,26.059372928176195,0.7613470006617717,1018.9443069975823,171.70659165209457
1744906141,89,,Aggregated,642.900000,0.000000,12,18,25,33,68,90,130,180,790,1000,1000,66318,27,12,26.027947543524274,0.7613470006617717,1018.9443069975823,171.64419916161523
1744906142,88,,Aggregated,638.900000,0.000000,12,18,25,33,68,90,130,180,790,1000,1000,66915,27,12,26.031238460500855,0.7613470006617717,1018.9443069975823,171.73390121796308
1744906143,87,,Aggregated,633.400000,0.000000,12,18,25,33,68,90,130,180,790,1000,1000,67529,27,12,26.009500053879623,0.7613470006617717,1018.9443069975823,171.64985413674125
1744906144,86,,Aggregated,628.100000,0.000000,12,18,25,33,68,90,130,180,790,1000,1000,68135,27,12,25.99631745749525,0.7613470006617717,1018.9443069975823,171.74760402142806
1744906145,85,,Aggregated,621.500000,0.000000,12,18,25,33,68,90,130,180,790,1000,1000,68704,27,12,25.947379417943434,0.7613470006617717,1018.9443069975823,171.6489869585468
1744906146,84,,Aggregated,614.100000,0.000000,12,18,25,33,68,89,130,180,790,1000,1000,69240,27,12,25.89060352061551,0.7613470006617717,1018.9443069975823,171.72221259387638
1744906147,83,,Aggregated,608.000000,0.000000,11,18,25,33,68,89,130,180,790,1000,1000,69839,27,11,25.81195517360518,0.7284640014404431,1018.9443069975823,171.74137659473934
1744906148,82,,Aggregated,607.900000,0.000000,11,18,25,33,68,89,130,180,790,1000,1000,70453,27,11,25.755360069299815,0.7284640014404431,1018.9443069975823,171.74946418179496
1744906149,81,,Aggregated,594.300000,0.000000,11,18,25,33,68,89,130,180,790,1000,1000,71038,27,11,25.70659499992045,0.7284640014404431,1018.9443069975823,171.70866296911512
1744906150,80,,Aggregated,593.100000,0.000000,11,18,25,33,68,89,130,180,790,1000,1000,71560,27,11,25.630181780524186,0.7284640014404431,1018.9443069975823,171.70807713806596
1744906151,79,,Aggregated,593.400000,0.000000,11,18,25,33,68,89,130,180,790,1000,1000,72106,27,11,25.60270598065691,0.7284640014404431,1018.9443069975823,171.76190608271156
1744906152,78,,Aggregated,584.000000,0.000000,11,18,25,33,68,89,130,180,790,1000,1000,72682,27,11,25.542119736334016,0.7284640014404431,1018.9443069975823,171.721471616081
1744906153,77,,Aggregated,574.900000,0.000000,11,18,25,32,68,89,130,170,780,1000,1000,73234,27,11,25.492670271325892,0.7284640014404431,1018.9443069975823,171.7399022312041
1744906154,76,,Aggregated,576.000000,0.000000,11,18,25,32,68,89,130,170,780,1000,1000,73735,27,11,25.43549931368168,0.7284640014404431,1018.9443069975823,171.7051061232793
1744906155,75,,Aggregated,574.800000,0.000000,11,18,24,32,68,89,130,170,780,1000,1000,74216,27,11,25.39763039904208,0.7284640014404431,1018.9443069975823,171.70575078150264
1744906156,74,,Aggregated,567.200000,0.000000,11,17,24,32,68,89,130,170,780,1000,1000,74740,27,11,25.378191989729313,0.7284640014404431,1018.9443069975823,171.75662295959324
1744906158,73,,Aggregated,557.800000,0.000000,11,17,24,32,68,89,130,170,780,1000,1000,75246,27,11,25.33959258766395,0.7284640014404431,1018.9443069975823,171.7291949073705
1744906159,72,,Aggregated,546.700000,0.000000,11,17,24,32,68,89,120,170,780,1000,1000,75758,27,11,25.29435162395155,0.7284640014404431,1018.9443069975823,171.79938752342986
1744906160,71,,Aggregated,537.600000,0.000000,11,17,24,32,67,89,120,170,780,1000,1000,76300,27,11,25.24409016321538,0.7284640014404431,1018.9443069975823,171.7637352555701
1744906161,70,,Aggregated,528.300000,0.000000,11,17,24,32,67,88,120,170,780,1000,1000,76780,27,11,25.186658317977617,0.7284640014404431,1018.9443069975823,171.75455847877052
1744906162,69,,Aggregated,523.700000,0.000000,11,17,24,32,67,88,120,170,770,1000,1000,77257,27,11,25.147892900169392,0.7284640014404431,1018.9443069975823,171.759607543653
1744906163,68,,Aggregated,521.000000,0.000000,11,17,24,32,67,88,120,170,770,1000,1000,77733,27,11,25.111324327060085,0.7284640014404431,1018.9443069975823,171.6900415524938
1744906164,67,,Aggregated,513.800000,0.000000,11,17,24,32,67,88,120,170,740,1000,1000,78157,27,11,25.06865965823117,0.7284640014404431,1018.9443069975823,171.74539708535383
1744906165,66,,Aggregated,501.900000,0.000000,11,17,24,32,67,88,120,170,740,1000,1000,78603,27,11,25.029597563621596,0.7284640014404431,1018.9443069975823,171.73869954073
1744906166,65,,Aggregated,489.900000,0.000000,11,17,24,31,67,88,120,170,730,1000,1000,79074,27,11,24.992945293021666,0.7284640014404431,1018.9443069975823,171.79190378632674
1744906167,64,,Aggregated,484.300000,0.000000,11,17,24,31,67,88,120,170,730,1000,1000,79563,27,11,24.941326102828608,0.7284640014404431,1018.9443069975823,171.7929565250179
1744906168,63,,Aggregated,484.600000,0.000000,11,17,24,31,67,88,120,170,720,1000,1000,80027,27,11,24.893309061121307,0.7284640014404431,1018.9443069975823,171.74277431366914
1744906169,62,,Aggregated,481.300000,0.000000,11,17,24,31,67,88,120,170,720,1000,1000,80470,27,11,24.837139857230895,0.7284640014404431,1018.9443069975823,171.77866285572264
1744906170,61,,Aggregated,474.600000,0.000000,11,17,24,31,67,88,120,170,720,1000,1000,80909,27,11,24.815672001352183,0.7284640014404431,1018.9443069975823,171.74383566723108
1744906171,60,,Aggregated,469.000000,0.000000,11,17,24,31,67,88,120,170,720,1000,1000,81299,27,11,24.767847127780392,0.7284640014404431,1018.9443069975823,171.7354949015363
1744906172,59,,Aggregated,457.000000,0.000000,11,17,24,31,67,88,120,170,720,1000,1000,81700,27,11,24.72805342859774,0.7284640014404431,1018.9443069975823,171.78730722154222
1744906173,58,,Aggregated,448.800000,0.000000,11,17,23,31,67,88,120,170,720,1000,1000,82107,27,11,24.684566195494526,0.7284640014404431,1018.9443069975823,171.77710792015296
1744906174,57,,Aggregated,441.000000,0.000000,11,17,23,31,67,88,120,170,720,1000,1000,82512,27,11,24.631550527553397,0.7284640014404431,1018.9443069975823,171.77232402559628
1744906175,56,,Aggregated,435.500000,0.000000,11,17,23,31,67,88,120,170,720,1000,1000,82924,27,11,24.590416878991242,0.7284640014404431,1018.9443069975823,171.81615696300227
1744906176,55,,Aggregated,434.200000,0.000000,11,17,23,31,67,88,120,170,720,1000,1000,83355,27,11,24.54955590349057,0.7284640014404431,1018.9443069975823,171.7946493911583
1744906177,54,,Aggregated,433.300000,0.000000,11,17,23,31,67,88,120,160,720,1000,1000,83752,27,11,24.505214146079602,0.7284640014404431,1018.9443069975823,171.78847072308722
1744906178,53,,Aggregated,426.400000,0.000000,11,17,23,31,67,88,120,160,720,1000,1000,84099,27,11,24.467143754425692,0.7284640014404431,1018.9443069975823,171.76096029679306
1744906179,52,,Aggregated,414.400000,0.000000,11,17,23,31,67,88,120,160,720,1000,1000,84428,28,11,24.451234754056173,0.7284640014404431,1018.9443069975823,171.7472757852845
1744906180,51,,Aggregated,404.000000,0.000000,11,17,23,31,67,88,120,160,720,1000,1000,84790,28,11,24.424192957028154,0.7284640014404431,1018.9443069975823,171.79400872744426
1744906181,50,,Aggregated,393.500000,0.100000,11,16,23,31,67,88,120,160,720,1000,1000,85168,28,11,24.39749634359695,0.7284640014404431,1018.9443069975823,171.78041048281045
1744906182,49,,Aggregated,391.100000,0.100000,11,16,23,31,67,88,120,160,720,1000,1000,85513,28,11,24.36397614026465,0.7284640014404431,1018.9443069975823,171.75752224807923
1744906183,48,,Aggregated,387.400000,0.100000,10,16,23,31,67,88,120,160,720,1000,1000,85809,28,10,24.337982734206403,0.7284640014404431,1018.9443069975823,171.78067568669954
1744906184,47,,Aggregated,387.400000,0.100000,10,16,23,30,67,88,120,160,710,1000,1000,86148,28,10,24.317760004985775,0.7284640014404431,1018.9443069975823,171.81377397037656
1744906185,46,,Aggregated,370.800000,0.100000,10,16,23,30,67,88,120,160,710,1000,1000,86503,28,10,24.31836220514276,0.7284640014404431,1018.9443069975823,171.78727905390565
1744906186,45,,Aggregated,366.600000,0.100000,10,16,23,30,67,88,120,160,710,1000,1000,86805,28,10,24.3192505828521,0.7284640014404431,1018.9443069975823,171.77922930706757
1744906187,44,,Aggregated,356.000000,0.100000,10,16,23,30,67,88,120,160,710,1000,1000,87107,28,10,24.303782140338406,0.7284640014404431,1018.9443069975823,171.74930832194886
1744906188,43,,Aggregated,340.300000,0.100000,10,16,23,30,67,88,120,160,710,1000,1000,87370,28,10,24.29633494472284,0.7284640014404431,1018.9443069975823,171.78726107359506
1744906189,42,,Aggregated,331.200000,0.100000,10,16,23,30,67,88,120,160,710,1000,1000,87666,28,10,24.29497341469219,0.7284640014404431,1018.9443069975823,171.7641959254443
1744906190,41,,Aggregated,331.100000,0.100000,10,16,23,30,67,88,120,170,710,1000,1000,87936,28,10,24.28626304118257,0.7284640014404431,1018.9443069975823,171.79071142649198
1744906191,40,,Aggregated,323.200000,0.000000,10,16,23,30,67,88,120,160,710,1000,1000,88231,28,10,24.261347654978987,0.7284640014404431,1018.9443069975823,171.79380263172808
1744906192,39,,Aggregated,312.000000,0.000000,10,16,23,30,67,88,120,160,710,1000,1000,88507,28,10,24.236246398312275,0.7284640014404431,1018.9443069975823,171.7764696577672
1744906193,38,,Aggregated,303.500000,0.000000,10,16,23,30,67,88,120,160,710,1000,1000,88760,28,10,24.209261405378736,0.7284640014404431,1018.9443069975823,171.79251915277152
1744906194,37,,Aggregated,302.200000,0.000000,10,16,23,30,67,88,120,160,710,1000,1000,89029,28,10,24.188847938642823,0.7284640014404431,1018.9443069975823,171.7993013512451
1744906195,36,,Aggregated,295.900000,0.000000,10,16,23,30,67,88,120,160,710,1000,1000,89290,28,10,24.16961541614353,0.7284640014404431,1018.9443069975823,171.7813864934483
1744906196,35,,Aggregated,284.000000,0.000000,10,16,23,30,67,88,120,160,710,1000,1000,89532,28,10,24.154283723891336,0.7284640014404431,1018.9443069975823,171.81451324666043
1744906197,34,,Aggregated,276.000000,0.000000,10,16,23,30,67,88,120,160,710,1000,1000,89784,28,10,24.128057836356255,0.7284640014404431,1018.9443069975823,171.79745834447118
1744906198,33,,Aggregated,275.700000,0.000000,10,16,23,30,67,88,120,160,710,1000,1000,90021,28,10,24.110302378793754,0.7284640014404431,1018.9443069975823,171.79120427455817
1744906199,32,,Aggregated,272.800000,0.000000,10,16,23,30,67,88,120,160,710,1000,1000,90254,28,10,24.0960929148446,0.7284640014404431,1018.9443069975823,171.81331575331842
1744906200,31,,Aggregated,264.400000,0.000000,10,16,23,30,67,88,120,160,710,1000,1000,90464,28,10,24.071006536781294,0.7284640014404431,1018.9443069975823,171.7661721789883
1744906201,30,,Aggregated,255.700000,0.000000,10,16,23,30,67,88,120,160,710,1000,1000,90642,28,10,24.056081439105455,0.7284640014404431,1018.9443069975823,171.7979192868648
1744906202,29,,Aggregated,248.500000,0.000000,10,16,23,30,67,88,120,160,710,1000,1000,90859,28,10,24.048515326576265,0.7284640014404431,1018.9443069975823,171.80827435917192
1744906203,28,,Aggregated,244.900000,0.000000,10,16,22,30,67,88,120,160,710,1000,1000,91078,28,10,24.029522116705945,0.7284640014404431,1018.9443069975823,171.81602582401896
1744906204,27,,Aggregated,240.100000,0.000000,10,16,22,30,67,88,120,160,710,1000,1000,91285,28,10,24.007022234598587,0.7284640014404431,1018.9443069975823,171.79571671139837
1744906205,26,,Aggregated,231.600000,0.000000,10,16,22,30,67,88,120,160,710,1000,1000,91475,28,10,23.997359545005168,0.7284640014404431,1018.9443069975823,171.8103634872916
1744906206,25,,Aggregated,224.000000,0.000000,10,16,22,30,67,88,120,160,710,1000,1000,91653,28,10,23.97764830600546,0.7284640014404431,1018.9443069975823,171.78569168494212
1744906207,24,,Aggregated,217.700000,0.000000,10,16,22,30,67,88,120,160,710,1000,1000,91816,28,10,23.962478050528365,0.7284640014404431,1018.9443069975823,171.80464189248062
1744906208,23,,Aggregated,208.400000,0.000000,10,16,22,30,67,87,120,160,710,1000,1000,91974,28,10,23.94104295467574,0.7284640014404431,1018.9443069975823,171.79637723704525
1744906209,22,,Aggregated,200.100000,0.000000,10,16,22,30,67,87,120,160,710,1000,1000,92118,28,10,23.928958622998348,0.7284640014404431,1018.9443069975823,171.78663236283896
1744906210,21,,Aggregated,190.700000,0.000000,10,16,22,30,67,87,120,160,710,1000,1000,92247,29,10,23.91971748047512,0.7284640014404431,1018.9443069975823,171.8056413758713
1744906211,20,,Aggregated,190.400000,0.000000,10,16,22,30,67,87,120,160,710,1000,1000,92403,29,10,23.901223593047693,0.7284640014404431,1018.9443069975823,171.81247362098634
1744906212,19,,Aggregated,185.800000,0.100000,10,16,22,30,67,87,120,160,710,1000,1000,92555,29,10,23.8868582044126,0.7284640014404431,1018.9443069975823,171.8130300902166
1744906213,18,,Aggregated,177.600000,0.100000,10,16,22,30,67,87,120,160,710,1000,1000,92696,29,10,23.870875490910098,0.7284640014404431,1018.9443069975823,171.80665832398378
1744906214,17,,Aggregated,169.300000,0.100000,10,16,22,30,67,87,120,160,710,1000,1000,92821,29,10,23.86700918171957,0.7284640014404431,1018.9443069975823,171.80024994343952
1744906215,16,,Aggregated,161.300000,0.100000,10,16,22,30,67,87,120,160,710,1000,1000,92928,29,10,23.857027603471373,0.7284640014404431,1018.9443069975823,171.79630466597797
1744906216,15,,Aggregated,154.500000,0.100000,10,16,22,30,67,87,120,160,700,1000,1000,93035,29,10,23.848453976668885,0.7284640014404431,1018.9443069975823,171.81479013274574
1744906217,14,,Aggregated,147.300000,0.100000,10,16,22,30,67,87,120,160,700,1000,1000,93132,29,10,23.83755501376964,0.7284640014404431,1018.9443069975823,171.8020873598763
1744906218,13,,Aggregated,140.600000,0.100000,10,16,22,30,67,87,120,160,700,1000,1000,93227,29,10,23.826561353914567,0.7284640014404431,1018.9443069975823,171.81549336565587
1744906219,12,,Aggregated,134.500000,0.100000,10,16,22,30,67,87,120,160,700,1000,1000,93307,29,10,23.816913697175917,0.7284640014404431,1018.9443069975823,171.79342385887446
1744906220,11,,Aggregated,129.300000,0.100000,10,16,22,29,67,87,120,160,700,1000,1000,93379,29,10,23.810915484620708,0.7284640014404431,1018.9443069975823,171.81608284517932
1744906221,10,,Aggregated,121.600000,0.100000,10,16,22,29,67,87,120,160,700,1000,1000,93459,29,10,23.803045894781523,0.7284640014404431,1018.9443069975823,171.81639007479217
1744906222,9,,Aggregated,113.600000,0.000000,10,16,22,29,67,87,120,160,700,1000,1000,93531,29,10,23.798224744580917,0.7284640014404431,1018.9443069975823,171.8166490254568
1744906223,8,,Aggregated,105.600000,0.000000,10,16,22,29,67,87,120,160,700,1000,1000,93595,29,10,23.791323841405774,0.7284640014404431,1018.9443069975823,171.81688124365618
1744906224,7,,Aggregated,97.700000,0.000000,10,16,22,29,67,87,120,160,700,1000,1000,93648,29,10,23.78539677493792,0.7284640014404431,1018.9443069975823,171.81025756022552
1744906225,6,,Aggregated,90.300000,0.000000,10,16,22,29,67,87,120,160,700,1000,1000,93685,29,10,23.780481996823305,0.7284640014404431,1018.9443069975823,171.80358648663073
1744906226,5,,Aggregated,84.300000,0.000000,10,16,22,29,67,87,120,160,700,1000,1000,93715,29,10,23.780968655224644,0.7284640014404431,1018.9443069975823,171.81731846556048
1744906227,4,,Aggregated,77.400000,0.000000,10,16,22,29,67,87,120,160,700,1000,1000,93741,29,10,23.77740885647024,0.7284640014404431,1018.9443069975823,171.80379983145048
1744906228,3,,Aggregated,77.400000,0.000000,10,16,22,29,67,87,120,160,700,1000,1000,93755,29,10,23.777293572069617,0.7284640014404431,1018.9443069975823,171.8174710682097
1744906229,2,,Aggregated,71.400000,0.000000,10,16,22,29,67,87,120,160,700,1000,1000,93771,29,10,23.7755913568629,0.7284640014404431,1018.9443069975823,171.8175235413934
1744906230,1,,Aggregated,64.800000,0.000000,10,16,22,29,67,87,120,160,700,1000,1000,93779,29,10,23.774712744808426,0.7284640014404431,1018.9443069975823,171.81754977127076
1744906231,1,,Aggregated,56.800000,0.000000,10,16,22,29,67,87,120,160,700,1000,1000,93787,29,10,23.773862919257322,0.7284640014404431,1018.9443069975823,171.81757599667333
1744906232,1,,Aggregated,40.300000,0.000000,10,16,22,29,67,87,120,160,700,1000,1000,93795,29,10,23.773164302237692,0.7284640014404431,1018.9443069975823,171.81760221760223
1744906233,1,,Aggregated,33.600000,0.000000,10,16,22,29,67,87,120,160,700,1000,1000,93803,29,10,23.77232692037975,0.7284640014404431,1018.9443069975823,171.8176284340586
1744906234,1,,Aggregated,27.700000,0.000000,10,16,22,29,67,87,120,160,700,1000,1000,93811,29,10,23.771471986881892,0.7284640014404431,1018.9443069975823,171.81765464604365
1744906235,1,,Aggregated,23.200000,0.000000,10,16,22,29,67,87,120,160,700,1000,1000,93819,29,10,23.770673911461223,0.7284640014404431,1018.9443069975823,171.81768085355844
1744906236,1,,Aggregated,18.700000,0.000000,10,16,22,29,67,87,120,160,700,1000,1000,93824,29,10,23.769667034909865,0.7284640014404431,1018.9443069975823,171.8108906036835
1744906237,1,,Aggregated,18.700000,0.000000,10,16,22,29,67,87,120,160,700,1000,1000,93827,29,10,23.769955148053157,0.7284640014404431,1018.9443069975823,171.81770705660418
1744906238,1,,Aggregated,15.200000,0.000000,10,16,22,29,67,87,120,160,700,1000,1000,93835,29,10,23.76910743068553,0.7284640014404431,1018.9443069975823,171.81773325518196
1744906239,1,,Aggregated,12.800000,0.000000,10,16,22,29,67,87,120,160,700,1000,1000,93843,29,10,23.768213683315498,0.7284640014404431,1018.9443069975823,171.81775944929296
1744906240,1,,Aggregated,9.600000,0.000000,10,16,22,29,67,87,120,160,700,1000,1000,93851,29,10,23.767559904959715,0.7284640014404431,1018.9443069975823,171.81778563893832
1744906241,1,,Aggregated,7.200000,0.000000,10,16,22,29,67,87,120,160,700,1000,1000,93859,29,10,23.766677219791156,0.7284640014404431,1018.9443069975823,171.81781182411916
1744906242,1,,Aggregated,7.200000,0.000000,10,16,22,29,67,87,120,160,700,1000,1000,93867,29,10,23.76588357422066,0.7284640014404431,1018.9443069975823,171.81783800483663
1744906243,1,,Aggregated,6.900000,0.000000,10,16,22,29,67,87,120,160,700,1000,1000,93875,29,10,23.764909595466005,0.7284640014404431,1018.9443069975823,171.81786418109186
1744906244,1,,Aggregated,6.900000,0.000000,10,16,22,29,67,87,120,160,700,1000,1000,93883,29,10,23.76419453172962,0.7284640014404431,1018.9443069975823,171.81789035288605
1744906245,1,,Aggregated,7.200000,0.000000,10,16,22,29,67,87,120,160,700,1000,1000,93891,29,10,23.76355232075875,0.7284640014404431,1018.9443069975823,171.81791652022025
1744906246,1,,Aggregated,7.200000,0.000000,10,16,22,29,67,87,120,160,700,1000,1000,93896,29,10,23.762541231366097,0.7284640014404431,1018.9443069975823,171.81113146459913
1744906247,1,,Aggregated,7.200000,0.000000,10,16,22,29,67,87,120,160,700,1000,1000,93899,29,10,23.762776442543085,0.7284640014404431,1018.9443069975823,171.81794268309568
1744906248,1,,Aggregated,7.200000,0.000000,10,16,22,29,67,87,120,160,700,1000,1000,93907,29,10,23.761971324686638,0.7284640014404431,1018.9443069975823,171.81796884151342
1744906249,1,,Aggregated,7.200000,0.000000,10,16,22,29,67,87,120,160,700,1000,1000,93915,29,10,23.761008663742214,0.7284640014404431,1018.9443069975823,171.81799499547463
1744906250,1,,Aggregated,7.200000,0.000000,10,16,22,29,67,87,120,160,700,1000,1000,93923,29,10,23.760255174093132,0.7284640014404431,1018.9443069975823,171.81802114498046
1744906251,1,,Aggregated,7.200000,0.000000,10,16,22,29,67,87,120,160,700,1000,1000,93931,29,10,23.75948064895876,0.7284640014404431,1018.9443069975823,171.81804729003204
1744906252,1,,Aggregated,7.200000,0.000000,10,16,22,29,67,87,120,160,700,1000,1000,93939,29,10,23.75864672612378,0.7284640014404431,1018.9443069975823,171.8180734306305
1744906253,1,,Aggregated,6.800000,0.000000,10,16,22,29,67,87,120,160,700,1000,1000,93947,29,10,23.757802822222523,0.7284640014404431,1018.9443069975823,171.81809956677702
1744906254,1,,Aggregated,7.200000,0.000000,10,16,22,29,67,87,120,160,700,1000,1000,93955,29,10,23.756943650208513,0.7284640014404431,1018.9443069975823,171.81812569847267
1744906255,1,,Aggregated,7.200000,0.000000,10,16,22,29,67,87,120,160,700,1000,1000,93963,29,10,23.756229078906973,0.7284640014404431,1018.9443069975823,171.81815182571864
1744906256,1,,Aggregated,7.200000,0.000000,10,16,22,29,67,87,120,160,700,1000,1000,93968,29,10,23.755217955605474,0.7284640014404431,1018.9443069975823,171.81137195641068
1744906257,1,,Aggregated,7.200000,0.000000,10,16,22,29,67,87,120,160,700,1000,1000,93971,29,10,23.75536032947757,0.7284640014404431,1018.9443069975823,171.81817794851602
1744906258,1,,Aggregated,7.200000,0.000000,10,16,22,29,67,87,120,160,700,1000,1000,93979,29,10,23.7543977462554,0.7284640014404431,1018.9443069975823,171.818204066866
1744906259,1,,Aggregated,7.200000,0.000000,10,16,22,29,67,87,120,160,700,1000,1000,93987,29,10,23.753461078471933,0.7284640014404431,1018.9443069975823,171.8182301807697
1744906260,1,,Aggregated,7.200000,0.000000,10,16,22,29,67,87,120,160,700,1000,1000,93995,29,10,23.752375110722355,0.7284640014404431,1018.9443069975823,171.8182562902282
1744906261,1,,Aggregated,7.200000,0.000000,10,16,22,29,67,87,120,160,700,1000,1000,94003,29,10,23.751430567038774,0.7284640014404431,1018.9443069975823,171.8182823952427
1744906262,1,,Aggregated,7.200000,0.000000,10,16,22,29,67,87,120,160,700,1000,1000,94011,29,10,23.750357655607797,0.7284640014404431,1018.9443069975823,171.8183084958143
1744906263,1,,Aggregated,7.200000,0.000000,10,16,22,29,67,87,120,160,700,1000,1000,94019,29,10,23.749418417748995,0.7284640014404431,1018.9443069975823,171.8183345919442
1744906264,1,,Aggregated,7.200000,0.000000,10,16,22,29,67,87,120,160,700,1000,1000,94027,29,10,23.74854950193382,0.7284640014404431,1018.9443069975823,171.81836068363341
1744906265,1,,Aggregated,7.200000,0.000000,10,16,22,29,67,87,120,160,700,1000,1000,94035,29,10,23.747494267276352,0.7284640014404431,1018.9443069975823,171.8183867708832
1744906266,1,,Aggregated,7.200000,0.000000,10,16,22,29,67,87,120,160,700,1000,1000,94043,29,10,23.746571929875984,0.7284640014404431,1018.9443069975823,171.81841285369458
1744906267,1,,Aggregated,7.200000,0.000000,10,16,22,29,67,87,120,160,700,1000,1000,94051,29,10,23.745781154334654,0.7284640014404431,1018.9443069975823,171.81843893206877
1744906268,1,,Aggregated,7.200000,0.000000,10,16,22,29,67,87,120,160,700,1000,1000,94055,29,10,23.744986296574684,0.7284640014404431,1018.9443069975823,171.81349210568285
1744906269,1,,Aggregated,7.200000,0.000000,10,16,22,29,67,87,120,160,700,1000,1000,94059,29,10,23.744924190979447,0.7284640014404431,1018.9443069975823,171.81846500600687
1744906270,1,,Aggregated,7.200000,0.000000,10,16,22,29,67,87,120,160,700,1000,1000,94067,29,10,23.7440767991467,0.7284640014404431,1018.9443069975823,171.81849107551
1744906271,1,,Aggregated,7.200000,0.000000,10,16,22,29,67,87,120,160,700,1000,1000,94075,29,10,23.74313482611037,0.7284640014404431,1018.9443069975823,171.81851714057933
1744906272,1,,Aggregated,7.200000,0.000000,10,16,22,29,67,87,120,160,700,1000,1000,94083,29,10,23.742379900665693,0.7284640014404431,1018.9443069975823,171.81854320121596
1744906273,1,,Aggregated,7.600000,0.000000,10,16,22,29,67,87,120,160,700,1000,1000,94091,29,10,23.741336443552918,0.7284640014404431,1018.9443069975823,171.81856925742102
1744906274,1,,Aggregated,7.200000,0.000000,10,16,22,29,67,87,120,160,700,1000,1000,94099,29,10,23.740534619988896,0.7284640014404431,1018.9443069975823,171.81859530919564
1744906275,1,,Aggregated,7.200000,0.000000,10,16,22,29,67,87,120,160,700,1000,1000,94107,29,10,23.739952553278062,0.7284640014404431,1018.9443069975823,171.81862135654094
1744906276,1,,Aggregated,7.200000,0.000000,10,16,22,29,67,87,120,160,700,1000,1000,94115,29,10,23.73915713705927,0.7284640014404431,1018.9443069975823,171.81864739945811
1744906277,1,,Aggregated,7.200000,0.000000,10,16,22,29,67,87,120,160,700,1000,1000,94123,29,10,23.738361316738068,0.7284640014404431,1018.9443069975823,171.8186734379482
1744906278,1,,Aggregated,7.200000,0.000000,10,16,22,29,67,87,120,160,700,1000,1000,94128,29,10,23.73735203623089,0.7284640014404431,1018.9443069975823,171.8119050654428
1744906279,1,,Aggregated,7.200000,0.000000,10,16,22,29,67,87,120,160,700,1000,1000,94131,29,10,23.737595043188147,0.7284640014404431,1018.9443069975823,171.8186994720124
1744906280,1,,Aggregated,7.200000,0.000000,10,16,22,29,67,87,120,160,700,1000,1000,94139,29,10,23.73658891642506,0.7284640014404431,1018.9443069975823,171.8187255016518
1744906281,1,,Aggregated,7.200000,0.000000,10,16,22,29,67,87,120,160,700,1000,1000,94147,29,10,23.73580982763484,0.7284640014404431,1018.9443069975823,171.81875152686754
1744906282,1,,Aggregated,7.200000,0.000000,10,16,22,29,67,87,120,160,700,1000,1000,94155,29,10,23.734794969224556,0.7284640014404431,1018.9443069975823,171.81877754766077
1744906283,1,,Aggregated,7.200000,0.000000,10,16,22,29,67,87,120,160,700,1000,1000,94163,29,10,23.734025134026485,0.7284640014404431,1018.9443069975823,171.81880356403258
1744906284,1,,Aggregated,7.200000,0.000000,10,16,22,29,67,87,120,160,700,1000,1000,94171,29,10,23.73312376275432,0.7284640014404431,1018.9443069975823,171.81882957598413
1744906285,1,,Aggregated,7.200000,0.000000,10,16,22,29,67,87,120,160,700,1000,1000,94179,29,10,23.732276781058786,0.7284640014404431,1018.9443069975823,171.8188555835165
1744906286,1,,Aggregated,7.200000,0.000000,10,16,22,29,67,87,120,160,700,1000,1000,94187,29,10,23.73153077576883,0.7284640014404431,1018.9443069975823,171.81888158663085
1744906287,1,,Aggregated,7.200000,0.000000,10,16,22,29,67,87,120,160,700,1000,1000,94195,29,10,23.730762850685668,0.7284640014404431,1018.9443069975823,171.8189075853283
1744906288,1,,Aggregated,7.200000,0.000000,10,16,22,29,67,87,120,160,700,1000,1000,94203,29,10,23.730095896036627,0.7284640014404431,1018.9443069975823,171.81893357961
1744906289,1,,Aggregated,7.200000,0.000000,10,16,22,29,67,87,120,160,700,1000,1000,94204,29,10,23.72986694724575,0.7284640014404431,1018.9443069975823,171.81710967687147
1744906290,1,,Aggregated,7.200000,0.000000,10,16,22,29,67,87,120,160,700,1000,1000,94211,29,10,23.72930911800464,0.7284640014404431,1018.9443069975823,171.81895956947702
1744906291,1,,Aggregated,7.200000,0.000000,10,16,22,29,67,87,120,160,700,1000,1000,94219,29,10,23.72845418775766,0.7284640014404431,1018.9443069975823,171.81898555493052
1744906292,1,,Aggregated,6.900000,0.000000,10,16,22,29,67,87,120,160,700,1000,1000,94227,29,10,23.72772003190534,0.7284640014404431,1018.9443069975823,171.81901153597164
1744906293,1,,Aggregated,6.700000,0.000000,10,16,22,29,67,87,120,160,700,1000,1000,94235,29,10,23.726729797096002,0.7284640014404431,1018.9443069975823,171.81903751260148
1744906294,1,,Aggregated,7.200000,0.000000,10,16,22,29,67,87,120,160,700,1000,1000,94243,29,10,23.725890059403245,0.7284640014404431,1018.9443069975823,171.81906348482116
1744906295,1,,Aggregated,7.200000,0.000000,10,16,22,29,67,87,120,160,700,1000,1000,94251,29,10,23.72504218548698,0.7284640014404431,1018.9443069975823,171.8190894526318
1744906296,1,,Aggregated,7.200000,0.000000,10,16,22,29,67,87,120,160,700,1000,1000,94259,29,10,23.724150848081713,0.7284640014404431,1018.9443069975823,171.81911541603455
1744906297,1,,Aggregated,7.200000,0.000000,10,16,22,29,67,87,120,160,700,1000,1000,94267,29,10,23.723387977630903,0.7284640014404431,1018.9443069975823,171.8191413750305
1744906298,1,,Aggregated,7.200000,0.000000,10,16,22,29,67,87,120,160,700,1000,1000,94275,29,10,23.722511478879223,0.7284640014404431,1018.9443069975823,171.8191673296208
1744906299,1,,Aggregated,7.200000,0.000000,10,16,22,29,67,87,120,160,700,1000,1000,94280,29,10,23.721559480582705,0.7284640014404431,1018.9443069975823,171.8124098430208
1744906300,1,,Aggregated,7.200000,0.000000,10,16,22,29,67,87,120,160,700,1000,1000,94283,29,10,23.721773281337416,0.7284640014404431,1018.9443069975823,171.81919327980654
1744906301,1,,Aggregated,7.200000,0.000000,10,16,22,29,67,87,120,160,700,1000,1000,94291,29,10,23.72083511445779,0.7284640014404431,1018.9443069975823,171.81921922558888
1744906303,1,,Aggregated,7.200000,0.000000,10,16,22,29,67,87,120,160,700,1000,1000,94299,29,10,23.719913012241253,0.7284640014404431,1018.9443069975823,171.8192451669689
1744906304,1,,Aggregated,7.200000,0.000000,10,16,22,29,67,87,120,160,700,1000,1000,94307,29,10,23.7190343666784,0.7284640014404431,1018.9443069975823,171.81927110394776
1744906305,1,,Aggregated,7.200000,0.000000,10,16,22,29,67,87,120,160,700,1000,1000,94315,29,10,23.718237931244683,0.7284640014404431,1018.9443069975823,171.81929703652654
1744906306,1,,Aggregated,7.200000,0.000000,10,16,22,29,67,87,120,160,700,1000,1000,94323,29,10,23.71733470520807,0.7284640014404431,1018.9443069975823,171.81932296470637
1744906307,1,,Aggregated,7.200000,0.000000,10,16,22,29,67,87,120,160,700,1000,1000,94331,29,10,23.716591324605222,0.7284640014404431,1018.9443069975823,171.8193488884884
1744906308,1,,Aggregated,7.200000,0.000000,10,16,22,29,67,87,120,160,700,1000,1000,94339,29,10,23.71579097327016,0.7284640014404431,1018.9443069975823,171.81937480787374
1744906309,1,,Aggregated,7.200000,0.000000,10,16,22,29,67,87,120,160,700,1000,1000,94347,29,10,23.714909842679994,0.7284640014404431,1018.9443069975823,171.81940072286346
1744906310,1,,Aggregated,7.200000,0.000000,10,16,22,29,67,87,120,160,700,1000,1000,94355,29,10,23.713998799537137,0.7284640014404431,1018.9443069975823,171.81942663345873
1744906311,1,,Aggregated,7.200000,0.000000,10,16,22,29,67,87,120,160,700,1000,1000,94356,29,10,23.713785167147048,0.7284640014404431,1018.9443069975823,171.8176056636568
1744906312,1,,Aggregated,7.200000,0.000000,10,16,22,29,67,87,120,160,700,1000,1000,94363,29,10,23.7131433720666,0.7284640014404431,1018.9443069975823,171.81945253966066
1744906313,1,,Aggregated,7.200000,0.000000,10,16,22,29,67,87,120,160,700,1000,1000,94371,29,10,23.712103658913396,0.7284640014404431,1018.9443069975823,171.81947844147038
1744906314,1,,Aggregated,7.200000,0.000000,10,16,22,29,67,87,120,160,700,1000,1000,94379,29,10,23.711327441076097,0.7284640014404431,1018.9443069975823,171.81950433888895
1744906315,1,,Aggregated,7.200000,0.000000,10,16,22,29,67,87,120,160,700,1000,1000,94387,29,10,23.710452741556743,0.7284640014404431,1018.9443069975823,171.81953023191753
1744906316,1,,Aggregated,7.200000,0.000000,10,16,22,29,67,87,120,160,700,1000,1000,94395,29,10,23.70960179522558,0.7284640014404431,1018.9443069975823,171.81955612055722
1744906317,1,,Aggregated,7.200000,0.000000,10,16,22,29,67,87,120,160,700,1000,1000,94403,29,10,23.708781243406698,0.7284640014404431,1018.9443069975823,171.81958200480918
1744906318,1,,Aggregated,7.200000,0.000000,10,16,22,29,67,87,120,160,700,1000,1000,94411,29,10,23.707778353479213,0.7284640014404431,1018.9443069975823,171.81960788467447
1744906319,1,,Aggregated,7.200000,0.000000,10,16,22,29,67,87,120,160,700,1000,1000,94419,29,10,23.70694475134589,0.7284640014404431,1018.9443069975823,171.8196337601542
1744906320,1,,Aggregated,7.200000,0.000000,10,16,22,29,67,87,120,160,700,1000,1000,94427,29,10,23.706119932078,0.7284640014404431,1018.9443069975823,171.81965963124955
1744906321,1,,Aggregated,7.200000,0.000000,10,16,22,29,67,87,120,160,700,1000,1000,94432,29,10,23.705113210122974,0.7284640014404431,1018.9443069975823,171.8129129955947
1744906322,1,,Aggregated,7.200000,0.000000,10,16,22,29,67,87,120,160,700,1000,1000,94435,29,10,23.70526627796193,0.7284640014404431,1018.9443069975823,171.81968549796156
1744906323,1,,Aggregated,7.200000,0.000000,10,16,22,29,67,87,120,160,700,1000,1000,94443,29,10,23.70422562244254,0.7284640014404431,1018.9443069975823,171.8197113602914
1744906324,1,,Aggregated,7.200000,0.000000,10,16,22,29,67,87,120,160,700,1000,1000,94451,29,10,23.703255346606642,0.7284640014404431,1018.9443069975823,171.81973721824014
1744906325,1,,Aggregated,7.200000,0.000000,10,16,22,29,67,87,120,160,700,1000,1000,94459,29,10,23.70250479431658,0.7284640014404431,1018.9443069975823,171.81976307180892
1744906326,1,,Aggregated,7.200000,0.000000,10,16,22,29,67,87,120,160,700,1000,1000,94467,29,10,23.70172209037388,0.7284640014404431,1018.9443069975823,171.81978892099886
1744906327,1,,Aggregated,7.200000,0.000000,10,16,22,29,67,87,120,160,700,1000,1000,94475,29,10,23.700952066285804,0.7284640014404431,1018.9443069975823,171.81981476581106
1744906328,1,,Aggregated,7.200000,0.000000,10,16,22,29,67,87,120,160,700,1000,1000,94483,29,10,23.700054685217022,0.7284640014404431,1018.9443069975823,171.81984060624663
1744906329,1,,Aggregated,7.200000,0.000000,10,16,22,29,67,87,120,160,700,1000,1000,94491,29,10,23.699197432468242,0.7284640014404431,1018.9443069975823,171.81986644230668
1744906330,1,,Aggregated,7.200000,0.000000,10,16,22,29,67,87,120,160,700,1000,1000,94499,29,10,23.69823617598443,0.7284640014404431,1018.9443069975823,171.8198922739923
1744906331,1,,Aggregated,7.200000,0.000000,10,16,22,29,67,87,120,160,700,1000,1000,94507,29,10,23.697298017102916,0.7284640014404431,1018.9443069975823,171.81991810130467
1744906332,1,,Aggregated,7.200000,0.000000,10,16,22,29,67,87,120,160,700,1000,1000,94512,29,10,23.69631306969849,0.7284640014404431,1018.9443069975823,171.81317716268833
1744906333,1,,Aggregated,7.200000,0.000000,10,16,22,29,67,87,120,160,700,1000,1000,94515,29,10,23.696296641594866,0.7284640014404431,1018.9443069975823,171.81994392424482
1744906334,1,,Aggregated,7.200000,0.000000,10,16,22,29,67,87,120,160,700,1000,1000,94523,29,10,23.69531291690208,0.7284640014404431,1018.9443069975823,171.81996974281392
1744906335,1,,Aggregated,7.200000,0.000000,10,16,22,29,67,87,120,160,700,1000,1000,94531,29,10,23.69445263167992,0.7284640014404431,1018.9443069975823,171.81999555701304
1744906336,1,,Aggregated,7.200000,0.000000,10,16,22,29,67,87,120,160,700,1000,1000,94539,29,10,23.693472089786628,0.7284640014404431,1018.9443069975823,171.82002136684332
1744906337,1,,Aggregated,7.200000,0.000000,10,16,22,29,67,87,120,160,700,1000,1000,94547,29,10,23.692504340384513,0.7284640014404431,1018.9443069975823,171.82004717230583
1744906338,1,,Aggregated,7.200000,0.000000,10,16,22,29,67,87,120,160,700,1000,1000,94555,29,10,23.691498634237558,0.7284640014404431,1018.9443069975823,171.82007297340172
1744906339,1,,Aggregated,7.200000,0.000000,10,16,22,29,67,87,120,160,700,1000,1000,94563,29,10,23.69050475549989,0.7284640014404431,1018.9443069975823,171.8200987701321
1744906340,1,,Aggregated,7.200000,0.000000,10,16,22,29,67,87,120,160,700,1000,1000,94571,29,10,23.689700843285426,0.7284640014404431,1018.9443069975823,171.82012456249802
1744906341,1,,Aggregated,7.200000,0.000000,10,16,22,29,67,87,120,160,700,1000,1000,94579,29,10,23.688964424347283,0.7284640014404431,1018.9443069975823,171.82015035050063
1744906342,1,,Aggregated,7.500000,0.000000,10,16,22,29,67,87,120,160,700,1000,1000,94587,29,10,23.688095702203697,0.7284640014404431,1018.9443069975823,171.82017613414106
1744906343,1,,Aggregated,7.700000,0.000000,10,16,22,29,67,87,120,160,700,1000,1000,94595,29,10,23.687197152125936,0.7284640014404431,1018.9443069975823,171.82020191342036
1744906344,1,,Aggregated,7.200000,0.000000,10,16,22,29,67,87,120,160,700,1000,1000,94597,29,10,23.68681429496017,0.7284640014404431,1018.9443069975823,171.81774263454443
1744906345,1,,Aggregated,7.200000,0.000000,10,16,22,29,67,87,120,160,700,1000,1000,94603,29,10,23.68642588560982,0.7284640014404431,1018.9443069975823,171.82022768833968
1744906346,1,,Aggregated,7.200000,0.000000,10,16,22,29,67,87,120,160,700,1000,1000,94611,29,10,23.685617578826474,0.7284640014404431,1018.9443069975823,171.82025345890014
1744906347,1,,Aggregated,7.200000,0.000000,10,16,22,29,67,87,120,160,700,1000,1000,94619,29,10,23.68463389105095,0.7284640014404431,1018.9443069975823,171.82027922510278
1744906348,1,,Aggregated,7.200000,0.000000,10,16,22,29,67,87,120,160,700,1000,1000,94627,29,10,23.683821037561568,0.7284640014404431,1018.9443069975823,171.82030498694877
1744906349,1,,Aggregated,7.200000,0.000000,10,16,22,29,67,87,120,160,700,1000,1000,94635,29,10,23.682810782008158,0.7284640014404431,1018.9443069975823,171.82033074443916
1744906350,1,,Aggregated,7.200000,0.000000,10,16,22,29,67,87,120,160,700,1000,1000,94643,29,10,23.681937577869917,0.7284640014404431,1018.9443069975823,171.8203564975751
1744906351,1,,Aggregated,7.200000,0.000000,10,16,22,29,67,87,120,160,700,1000,1000,94651,29,10,23.680981476047172,0.7284640014404431,1018.9443069975823,171.82038224635767
1744906352,1,,Aggregated,7.200000,0.000000,10,16,22,29,67,87,120,160,700,1000,1000,94659,29,10,23.679939608324062,0.7284640014404431,1018.9443069975823,171.820407990788
1744906353,1,,Aggregated,7.200000,0.000000,10,16,22,29,67,87,120,160,700,1000,1000,94667,29,10,23.679070504667354,0.7284640014404431,1018.9443069975823,171.82043373086714
1744906354,1,,Aggregated,7.200000,0.000000,10,16,22,29,67,87,120,160,700,1000,1000,94675,29,10,23.678201304656458,0.7284640014404431,1018.9443069975823,171.82045946659625
1744906355,1,,Aggregated,7.200000,0.000000,10,16,22,29,67,87,120,160,700,1000,1000,94680,29,10,23.677214809784058,0.7284640014404431,1018.9443069975823,171.81373046049853
1744906356,1,,Aggregated,7.200000,0.000000,10,16,22,29,67,87,120,160,700,1000,1000,94683,29,10,23.677311060468654,0.7284640014404431,1018.9443069975823,171.8204851979764
1744906357,1,,Aggregated,7.200000,0.000000,10,16,22,29,67,87,120,160,700,1000,1000,94691,29,10,23.67652828598661,0.7284640014404431,1018.9443069975823,171.8205109250087
1744906358,1,,Aggregated,7.200000,0.000000,10,16,22,29,67,87,120,160,700,1000,1000,94699,29,10,23.67554069404495,0.7284640014404431,1018.9443069975823,171.82053664769427
1744906359,1,,Aggregated,7.200000,0.000000,10,16,22,29,67,87,120,160,700,1000,1000,94707,29,10,23.674577615650012,0.7284640014404431,1018.9443069975823,171.82056236603418
1744906360,1,,Aggregated,7.200000,0.000000,10,16,22,29,67,87,120,160,700,1000,1000,94715,29,10,23.673865567833747,0.7284640014404431,1018.9443069975823,171.82058808002955
1744906361,1,,Aggregated,7.200000,0.000000,10,16,22,29,67,87,120,160,700,1000,1000,94723,29,10,23.67293659935159,0.7284640014404431,1018.9443069975823,171.8206137896815
1744906362,1,,Aggregated,7.200000,0.000000,10,16,22,29,67,87,120,160,700,1000,1000,94731,29,10,23.671916595321385,0.7284640014404431,1018.9443069975823,171.82063949499107
1744906363,1,,Aggregated,7.200000,0.000000,10,16,22,29,67,87,120,160,700,1000,1000,94739,29,10,23.67103609375632,0.7284640014404431,1018.9443069975823,171.82066519595944
1744906364,1,,Aggregated,7.200000,0.000000,10,16,22,29,67,87,120,160,700,1000,1000,94747,29,10,23.670225566459948,0.7284640014404431,1018.9443069975823,171.82069089258763
1744906365,1,,Aggregated,7.200000,0.000000,10,16,22,29,67,87,120,160,700,1000,1000,94755,29,10,23.669464312863568,0.7284640014404431,1018.9443069975823,171.82071658487678
1744906366,1,,Aggregated,7.200000,0.000000,10,16,22,29,67,87,120,160,700,1000,1000,94757,29,10,23.669084971657856,0.7284640014404431,1018.9443069975823,171.81826144770307
1744906367,1,,Aggregated,7.200000,0.000000,10,16,22,29,67,87,120,160,700,1000,1000,94763,29,10,23.668762189445122,0.7284640014404431,1018.9443069975823,171.820742272828
1744906368,1,,Aggregated,7.200000,0.000000,10,16,22,29,67,87,120,160,700,1000,1000,94771,29,10,23.6679480464001,0.7284640014404431,1018.9443069975823,171.82076795644238
1744906369,1,,Aggregated,7.200000,0.000000,10,16,22,29,67,87,120,160,700,1000,1000,94779,29,10,23.66710336839801,0.7284640014404431,1018.9443069975823,171.820793635721
1744906370,1,,Aggregated,7.200000,0.000000,10,16,22,29,67,87,120,160,700,1000,1000,94787,29,10,23.6661758897675,0.7284640014404431,1018.9443069975823,171.82081931066497
1744906371,0,,Aggregated,7.200000,0.000000,10,16,22,29,67,87,120,160,700,1000,1000,94787,29,10,23.6661758897675,0.7284640014404431,1018.9443069975823,171.82081931066497
1744906372,2,,Aggregated,7.200000,0.000000,10,16,22,29,67,87,120,160,700,1000,1000,94803,29,10,23.66434122728603,0.7284640014404431,1018.9443069975823,171.82095503306857
1744906373,3,,Aggregated,6.700000,0.000000,10,16,22,29,67,87,120,160,700,1000,1000,94827,29,10,23.661628579702075,0.7284640014404431,1018.9443069975823,171.8211585307982
1744906374,5,,Aggregated,7.200000,0.000000,10,16,22,29,67,87,120,160,700,1000,1000,94867,29,10,23.657681207916117,0.7284640014404431,1018.9443069975823,171.82149746487187
1744906375,7,,Aggregated,8.800000,0.000000,10,16,22,29,67,87,120,160,700,1000,1000,94920,29,10,23.651489803006463,0.7284640014404431,1018.9443069975823,171.8152338811631
1744906376,8,,Aggregated,11.200000,0.000000,10,16,22,29,67,87,120,160,700,1000,1000,94979,29,10,23.64510054504038,0.7284640014404431,1018.9443069975823,171.82244496151782
1744906377,10,,Aggregated,15.200000,0.000000,10,16,22,29,67,87,120,160,700,1000,1000,95059,29,10,23.638597537953864,0.7284640014404431,1018.9443069975823,171.8231203778706
1744906378,12,,Aggregated,20.400000,0.000000,10,16,22,29,67,87,120,160,700,1000,1000,95146,31,10,23.634961921576693,0.7284640014404431,1018.9443069975823,171.81352868223573
1744906379,13,,Aggregated,25.200000,0.000000,10,16,22,29,67,87,120,160,700,1000,1000,95228,32,10,23.626845252208895,0.7284640014404431,1018.9443069975823,171.80084638971732
1744906380,15,,Aggregated,31.400000,0.200000,10,16,22,29,67,87,120,160,700,1000,1000,95333,32,10,23.626071083846192,0.7284640014404431,1018.9443069975823,171.82180357273975
1744906381,17,,Aggregated,40.700000,0.300000,10,16,22,29,67,87,120,160,700,1000,1000,95460,32,10,23.61844965905411,0.7284640014404431,1018.9443069975823,171.8028493609889
1744906382,19,,Aggregated,49.800000,0.300000,10,16,22,29,67,87,120,160,700,1000,1000,95597,32,10,23.60584972968064,0.7284640014404431,1018.9443069975823,171.82402167432033
1744906383,20,,Aggregated,61.200000,0.300000,10,16,22,29,67,87,120,160,700,1000,1000,95757,32,10,23.591415282279854,0.7284640014404431,1018.9443069975823,171.8253600258989
1744906384,22,,Aggregated,72.400000,0.300000,10,15,22,29,67,87,120,160,700,1000,1000,95906,32,10,23.58060966328708,0.7284640014404431,1018.9443069975823,171.79822951640148
1744906385,24,,Aggregated,83.600000,0.300000,10,15,22,29,67,87,120,160,700,1000,1000,96071,32,10,23.569372544984628,0.7284640014404431,1018.9443069975823,171.81470995409646
1744906386,25,,Aggregated,95.800000,0.300000,10,15,22,29,67,87,120,160,700,1000,1000,96255,32,10,23.559155007326716,0.7284640014404431,1018.9443069975823,171.8162588956418
1744906387,27,,Aggregated,108.000000,0.300000,10,15,22,29,67,87,120,160,700,1000,1000,96458,32,10,23.550412359113405,0.7284640014404431,1018.9443069975823,171.82456613240996
1744906388,29,,Aggregated,119.500000,0.300000,10,15,22,29,67,87,120,160,700,1000,1000,96667,32,10,23.52967861011889,0.7284640014404431,1018.9443069975823,171.80412136509875
1744906389,30,,Aggregated,131.000000,0.300000,10,15,22,29,67,87,120,160,700,1000,1000,96876,32,10,23.511346308532843,0.7284640014404431,1018.9443069975823,171.82562244518766
1744906390,32,,Aggregated,143.900000,0.100000,10,15,22,29,67,87,120,160,700,1000,1000,97102,32,10,23.488553605645833,0.7284640014404431,1018.9443069975823,171.82494696298738
1744906391,34,,Aggregated,155.600000,0.000000,10,15,22,29,67,87,120,160,700,1000,1000,97351,32,10,23.500292025757066,0.7284640014404431,1018.9443069975823,171.82536388943103
1744906392,35,,Aggregated,167.700000,0.000000,10,15,22,29,67,87,120,160,700,1000,1000,97601,32,10,23.481213471536876,0.7284640014404431,1018.9443069975823,171.8046946240305
1744906393,37,,Aggregated,178.800000,0.000000,10,15,22,29,67,87,120,160,700,1000,1000,97836,32,10,23.471539882062853,0.7284640014404431,1018.9443069975823,171.80151477983566
1744906394,39,,Aggregated,189.800000,0.000000,10,15,22,29,67,87,120,160,700,1000,1000,98100,32,10,23.472134965479064,0.7284640014404431,1018.9443069975823,171.8364627930683
1744906395,40,,Aggregated,202.600000,0.000000,10,15,22,29,67,87,120,160,700,1000,1000,98391,32,10,23.451452187695324,0.7284640014404431,1018.9443069975823,171.83381610106616
1744906396,42,,Aggregated,213.100000,0.000000,10,15,22,29,67,87,120,160,700,1000,1000,98704,32,10,23.42226215867191,0.7284640014404431,1018.9443069975823,171.82516412708705
1744906397,44,,Aggregated,224.100000,0.000000,10,15,22,29,67,87,120,160,690,1000,1000,99028,32,10,23.39849639139889,0.7284640014404431,1018.9443069975823,171.84299390071496
1744906398,45,,Aggregated,235.900000,0.000000,10,15,22,29,67,87,120,160,690,1000,1000,99354,32,10,23.37765765922294,0.7284640014404431,1018.9443069975823,171.816434164704
1744906399,47,,Aggregated,246.600000,0.000000,10,15,22,29,67,87,120,160,690,1000,1000,99688,32,10,23.364369430798124,0.7284640014404431,1018.9443069975823,171.83291870636384
1744906400,49,,Aggregated,258.000000,0.000000,10,15,21,29,67,87,120,160,690,1000,1000,100032,32,10,23.33250312664358,0.7284640014404431,1018.9443069975823,171.8149492162508
1744906401,50,,Aggregated,270.000000,0.000000,10,15,21,29,66,87,120,160,690,1000,1000,100394,32,10,23.312399913774236,0.7284640014404431,1018.9443069975823,171.85594756658764
1744906402,52,,Aggregated,283.300000,0.000000,10,15,21,29,66,87,120,160,690,1000,1000,100729,32,10,23.302454502798785,0.7284640014404431,1018.9443069975823,171.83227273178528
1744906403,54,,Aggregated,295.500000,0.000000,10,15,21,29,66,87,120,160,690,1000,1000,101107,32,10,23.279661857334496,0.7284640014404431,1018.9443069975823,171.85033677193468
1744906404,55,,Aggregated,306.500000,0.000000,10,15,21,29,66,87,120,160,690,1000,1000,101513,32,10,23.252476154241272,0.7284640014404431,1018.9443069975823,171.84559613054486
1744906405,57,,Aggregated,317.400000,0.000000,10,15,21,29,66,87,120,160,690,1000,1000,101949,32,10,23.233849489965255,0.7284640014404431,1018.9443069975823,171.87392715965825
1744906406,59,,Aggregated,326.800000,0.000000,10,15,21,28,66,87,120,160,690,1000,1000,102379,32,10,23.22039291820949,0.7284640014404431,1018.9443069975823,171.83053165199894
1744906407,60,,Aggregated,336.600000,0.000000,10,15,21,28,66,87,120,160,690,1000,1000,102762,32,10,23.224269981008288,0.7284640014404431,1018.9443069975823,171.85228975691405
1744906408,62,,Aggregated,350.700000,0.000000,10,15,21,28,66,86,120,160,690,1000,1000,103180,32,10,23.211986325861545,0.7284640014404431,1018.9443069975823,171.82698197325064
1744906409,64,,Aggregated,365.100000,0.000000,10,15,21,28,66,86,120,160,690,1000,1000,103609,32,10,23.204819962304832,0.7284640014404431,1018.9443069975823,171.8620486637261
1744906410,65,,Aggregated,379.500000,0.000000,10,15,21,28,66,86,120,160,690,1000,1000,104036,32,10,23.175716630238718,0.7284640014404431,1018.9443069975823,171.80159752393402
1744906411,67,,Aggregated,388.100000,0.000000,9,15,21,28,66,86,120,160,690,1000,1000,104492,32,9,23.15519511402386,0.7284640014404431,1018.9443069975823,171.87391379244343
1744906412,69,,Aggregated,393.700000,0.000000,9,15,21,28,66,86,120,160,690,1000,1000,105015,32,9,23.13879748511691,0.7284640014404431,1018.9443069975823,171.87474170356614
1744906413,70,,Aggregated,404.100000,0.000000,10,15,21,28,66,86,120,160,690,1000,1000,105533,32,10,23.15123141976048,0.7284640014404431,1018.9443069975823,171.879686922574
1744906414,72,,Aggregated,417.100000,0.000000,10,15,21,28,66,86,120,160,690,1000,1000,105997,32,10,23.15536209687762,0.7284640014404431,1018.9443069975823,171.7983433493401
1744906415,74,,Aggregated,422.400000,0.000000,10,15,21,28,66,86,120,160,690,1000,1000,106444,32,10,23.170299985472557,0.7284640014404431,1018.9443069975823,171.85938145879524
1744906416,76,,Aggregated,438.800000,0.000000,10,15,21,28,66,86,120,160,680,1000,1000,107001,32,10,23.144414685129515,0.7284640014404431,1018.9443069975823,171.88557116288632
1744906417,77,,Aggregated,452.400000,0.000000,10,15,21,28,66,86,120,160,680,1000,1000,107490,32,10,23.165748359303528,0.7284640014404431,1018.9443069975823,171.83113778025862
1744906418,79,,Aggregated,458.300000,0.000000,10,15,21,28,66,86,120,160,670,1000,1000,108023,32,10,23.187107857266906,0.7284640014404431,1018.9443069975823,171.89563333734483
1744906419,81,,Aggregated,463.500000,0.000000,10,15,21,28,66,86,120,160,670,1000,1000,108628,32,10,23.19066468844669,0.7284640014404431,1018.9443069975823,171.89383031999117
1744906420,82,,Aggregated,468.800000,0.000000,10,15,21,28,66,86,120,160,660,1000,1000,109212,32,10,23.17698336579708,0.7284640014404431,1018.9443069975823,171.87956451671977
1744906421,84,,Aggregated,474.900000,0.000000,10,15,21,28,66,86,120,160,660,1000,1000,109760,32,10,23.20180343676552,0.7284640014404431,1018.9443069975823,171.88906705539358
1744906422,86,,Aggregated,494.400000,0.000000,10,15,21,28,66,86,120,160,640,1000,1000,110264,32,10,23.18309062651821,0.7284640014404431,1018.9443069975823,171.8907621707901
1744906423,87,,Aggregated,509.800000,0.000000,10,15,22,29,66,87,120,160,640,1000,1000,110859,32,10,23.25794125607722,0.7284640014404431,1018.9443069975823,171.88088472744658
1744906424,89,,Aggregated,521.300000,0.000000,10,15,22,29,66,87,120,160,630,1000,1000,111467,32,10,23.291161810118627,0.7284640014404431,1018.9443069975823,171.89327783110696
1744906425,91,,Aggregated,524.700000,0.000000,10,15,22,29,66,87,120,160,630,1000,1000,112072,32,10,23.29859945658617,0.7284640014404431,1018.9443069975823,171.8766061103576
1744906426,92,,Aggregated,530.700000,0.000000,10,15,22,29,66,86,120,160,630,1000,1000,112664,32,10,23.299169961944134,0.7284640014404431,1018.9443069975823,171.89815735283676
1744906427,94,,Aggregated,542.000000,0.000000,10,15,22,29,66,86,120,160,630,1000,1000,113297,32,10,23.264501482646637,0.7284640014404431,1018.9443069975823,171.89162113736464
1744906428,96,,Aggregated,554.100000,0.000000,10,15,22,29,66,86,120,160,630,1000,1000,113949,32,10,23.271331528143723,0.7284640014404431,1018.9443069975823,171.91632221432394
1744906429,97,,Aggregated,567.000000,0.000000,10,15,22,29,66,86,120,160,630,1000,1000,114679,32,10,23.251991964922787,0.7284640014404431,1018.9443069975823,171.94618892735375
1744906430,99,,Aggregated,578.600000,0.000000,10,15,22,29,66,86,120,160,630,1000,1000,115416,32,10,23.230647015063006,0.7284640014404431,1018.9443069975823,171.93170790878216
1744906431,100,,Aggregated,593.500000,0.000000,10,15,22,29,66,86,120,160,620,1000,1000,116079,32,10,23.202271694400864,0.7284640014404431,1018.9443069975823,171.91095719294617
1744906432,100,,Aggregated,602.500000,0.000000,10,15,22,29,66,86,120,160,620,1000,1000,116761,32,10,23.220753789273335,0.7284640014404431,1018.9443069975823,171.9037264154983
1744906433,100,,Aggregated,618.100000,0.000000,10,15,22,29,66,86,120,160,620,1000,1000,117416,32,10,23.182876480380994,0.7284640014404431,1018.9443069975823,171.92673059889623
1744906435,100,,Aggregated,643.800000,0.000000,10,15,22,29,66,86,120,160,620,1000,1000,118118,32,10,23.166479328184007,0.7284640014404431,1018.9443069975823,171.94178702653278
1744906436,100,,Aggregated,651.300000,0.000000,10,15,22,29,66,86,120,160,620,1000,1000,118820,32,10,23.245435001357762,0.7284640014404431,1018.9443069975823,171.88817539134826
1744906437,100,,Aggregated,658.500000,0.000000,10,15,22,29,66,86,120,160,620,1000,1000,119456,32,10,23.22961563673947,0.7284640014404431,1018.9443069975823,171.95764130725956
1744906438,100,,Aggregated,667.300000,0.000000,10,15,22,29,66,86,120,160,620,990,1000,120107,32,10,23.217424283250427,0.7284640014404431,1018.9443069975823,171.9392375132174
1744906439,100,,Aggregated,669.800000,0.000000,10,15,22,29,66,86,120,160,620,990,1000,120808,32,10,23.246909794222262,0.7284640014404431,1018.9443069975823,171.95578107410105
1744906440,100,,Aggregated,672.100000,0.000000,10,16,22,29,66,86,120,160,620,990,1000,121458,32,10,23.27876191172668,0.7284640014404431,1018.9443069975823,171.88811770323898
1744906441,100,,Aggregated,678.600000,0.000000,10,16,22,29,66,86,120,160,610,990,1000,122039,32,10,23.280501672806174,0.7284640014404431,1018.9443069975823,171.92403248141989
1744906442,100,,Aggregated,674.000000,0.000000,10,16,22,29,66,86,120,160,610,990,1000,122700,32,10,23.3370687417972,0.7284640014404431,1018.9443069975823,171.95312958435207
1744906443,100,,Aggregated,654.900000,0.000000,10,16,22,29,66,86,120,160,610,990,1000,123430,32,10,23.389511044523033,0.7284640014404431,1018.9443069975823,171.97883010613302
1744906444,100,,Aggregated,660.200000,0.000000,10,16,22,29,66,86,120,160,610,990,1000,124051,32,10,23.39524778298933,0.7284640014404431,1018.9443069975823,171.92732827627347
1744906445,100,,Aggregated,664.100000,0.000000,10,16,22,29,66,86,120,160,610,990,1000,124683,32,10,23.401932814645974,0.7284640014404431,1018.9443069975823,171.92511408933055
1744906446,100,,Aggregated,661.700000,0.000000,10,16,22,29,66,86,120,160,610,990,1000,125369,32,10,23.392103992546758,0.7284640014404431,1018.9443069975823,171.99390598951894
1744906447,100,,Aggregated,652.500000,0.000000,10,16,22,29,66,86,120,160,610,990,1000,126076,32,10,23.39193196197242,0.7284640014404431,1018.9443069975823,171.97826707700116
1744906448,100,,Aggregated,651.900000,0.000000,10,16,22,29,66,86,120,160,610,990,1000,126780,32,10,23.43358820810548,0.7284640014404431,1018.9443069975823,172.00651522322133
1744906449,100,,Aggregated,658.300000,0.000000,10,16,23,29,66,86,120,160,610,990,1000,127378,32,10,23.424610276449897,0.7284640014404431,1018.9443069975823,171.9881455196345
1744906450,100,,Aggregated,662.700000,0.000000,10,16,23,30,66,86,120,160,610,990,1000,128050,32,10,23.423976866150618,0.7284640014404431,1018.9443069975823,171.9992893401015
1744906451,100,,Aggregated,650.900000,0.000000,10,16,23,30,66,86,120,160,610,990,1000,128745,32,10,23.467048663051177,0.7284640014404431,1018.9443069975823,171.98683444017243
1744906452,100,,Aggregated,653.700000,0.000000,10,16,23,30,66,86,120,160,610,990,1000,129366,32,10,23.51254291031243,0.7284640014404431,1018.9443069975823,171.96354529010713
1744906453,100,,Aggregated,668.800000,0.000000,10,16,23,30,66,86,120,160,610,990,1000,129914,33,10,23.534354241948414,0.7284640014404431,1018.9443069975823,171.99839894083777
1744906454,100,,Aggregated,657.000000,0.000000,10,16,23,30,66,86,120,160,600,980,1000,130578,33,10,23.61393105806143,0.7284640014404431,1018.9443069975823,171.99198180397923
1744906455,100,,Aggregated,642.000000,0.100000,10,16,23,30,66,86,120,160,600,980,1000,131319,33,10,23.60016946892329,0.7284640014404431,1018.9443069975823,172.03134352226257
1744906456,100,,Aggregated,650.200000,0.100000,10,16,23,30,66,86,120,160,600,980,1000,132008,33,10,23.60850148307957,0.7284640014404431,1018.9443069975823,171.97523634931215
1744906457,100,,Aggregated,663.700000,0.100000,10,16,23,30,66,86,120,160,600,980,1000,132640,33,10,23.612815315081598,0.7284640014404431,1018.9443069975823,172.0138796743064
1744906458,100,,Aggregated,655.600000,0.100000,10,16,23,30,66,86,120,160,600,980,1000,133296,33,10,23.638008961112913,0.7284640014404431,1018.9443069975823,171.9948160484936
1744906459,100,,Aggregated,651.500000,0.100000,10,16,23,30,66,86,120,160,600,980,1000,133921,33,10,23.617017218312075,0.7284640014404431,1018.9443069975823,171.98741795536174
1744906460,100,,Aggregated,644.800000,0.100000,10,16,23,30,66,86,120,160,600,980,1000,134601,33,10,23.652726016847325,0.7284640014404431,1018.9443069975823,172.03624787334417
1744906461,100,,Aggregated,651.800000,0.100000,10,16,23,30,66,86,120,160,590,980,1000,135354,33,10,23.6256691768526,0.7284640014404431,1018.9443069975823,172.03138436987456
1744906462,100,,Aggregated,657.500000,0.100000,10,16,23,30,66,86,120,160,590,980,1000,136045,33,10,23.611847453657568,0.7284640014404431,1018.9443069975823,172.01662685140946
1744906463,100,,Aggregated,656.700000,0.100000,10,16,23,30,66,86,120,160,590,980,1000,136714,33,10,23.598587250800232,0.7284640014404431,1018.9443069975823,172.0076290650555
1744906464,100,,Aggregated,665.200000,0.100000,10,16,23,30,66,86,120,160,590,980,1000,137398,33,10,23.56937686888487,0.7284640014404431,1018.9443069975823,172.01480370893316
1744906465,100,,Aggregated,674.400000,0.000000,10,16,23,30,66,86,120,160,590,980,1000,138014,33,10,23.565492928376518,0.7284640014404431,1018.9443069975823,172.00314460851797
1744906466,100,,Aggregated,671.000000,0.000000,10,16,23,31,66,86,120,160,590,980,1000,138651,33,10,23.638913737319243,0.7284640014404431,1018.9443069975823,172.0225241794145
1744906467,100,,Aggregated,660.100000,0.000000,10,16,23,30,66,86,120,160,590,980,1000,139365,33,10,23.627246645830617,0.7284640014404431,1018.9443069975823,172.068704481039
1744906468,100,,Aggregated,667.300000,0.000000,10,16,23,30,66,86,120,160,590,980,1000,140090,33,10,23.593693391892987,0.7284640014404431,1018.9443069975823,172.02923834677708
1744906469,100,,Aggregated,673.500000,0.000000,10,16,23,30,66,86,120,160,590,980,1000,140737,33,10,23.58536221996504,0.7284640014404431,1018.9443069975823,172.04101266902094
1744906470,100,,Aggregated,677.400000,0.000000,10,16,23,30,66,86,120,160,590,980,1000,141412,33,10,23.575398717846333,0.7284640014404431,1018.9443069975823,172.03973495884367
1744906471,100,,Aggregated,676.700000,0.000000,10,16,23,30,66,86,120,160,590,980,1000,142133,33,10,23.550671373227715,0.7284640014404431,1018.9443069975823,172.04228433931598
1744906472,100,,Aggregated,673.700000,0.000000,10,16,23,30,66,86,120,160,590,980,1000,142822,33,10,23.561757854167936,0.7284640014404431,1018.9443069975823,172.02398089930122
1744906473,100,,Aggregated,675.000000,0.000000,10,16,23,30,66,86,120,150,590,980,1000,143447,33,10,23.532590732758816,0.7284640014404431,1018.9443069975823,172.05385961365522
1744906474,100,,Aggregated,672.500000,0.000000,10,16,23,30,66,86,120,150,590,980,1000,144152,33,10,23.54209624334812,0.7284640014404431,1018.9443069975823,172.0710916255064
1744906475,100,,Aggregated,671.400000,0.000000,10,16,23,30,66,86,120,150,590,980,1000,144834,33,10,23.525014128776245,0.7284640014404431,1018.9443069975823,172.0781170167226
1744906476,100,,Aggregated,676.000000,0.000000,10,16,23,30,66,86,120,150,590,980,1000,145563,33,10,23.503949763615402,0.7284640014404431,1018.9443069975823,172.0872199666124
1744906477,100,,Aggregated,685.300000,0.000000,10,16,23,30,66,86,120,150,580,980,1000,146257,33,10,23.479007343396514,0.7284640014404431,1018.9443069975823,172.06266366738004
1744906478,100,,Aggregated,684.800000,0.000000,10,16,23,30,66,86,120,150,580,980,1000,146968,33,10,23.470894415084548,0.7284640014404431,1018.9443069975823,172.06636818899352
1744906479,100,,Aggregated,683.200000,0.000000,10,16,23,30,66,86,120,150,580,980,1000,147557,33,10,23.49968382063401,0.7284640014404431,1018.9443069975823,172.03280766076838
1744906480,100,,Aggregated,684.000000,0.000000,10,16,23,30,66,86,120,150,580,980,1000,148174,33,10,23.530220669039437,0.7284640014404431,1018.9443069975823,172.08597324766828
1744906481,100,,Aggregated,677.500000,0.000000,10,17,23,30,66,86,120,150,580,980,1000,148877,33,10,23.531778425829582,0.7284640014404431,1018.9443069975823,172.0492016899857
1744906482,100,,Aggregated,672.000000,0.000000,11,17,23,30,66,86,120,150,570,980,1000,149571,33,11,23.54090794517745,0.7284640014404431,1018.9443069975823,172.0804434014615
1744906483,100,,Aggregated,674.400000,0.000000,11,17,23,30,66,86,120,150,570,970,1000,150271,33,11,23.543390948900118,0.7284640014404431,1018.9443069975823,172.07408615102048
1744906484,100,,Aggregated,676.300000,0.000000,10,17,23,30,66,86,120,150,570,970,1000,150930,33,10,23.51688656555534,0.7284640014404431,1018.9443069975823,172.0865831842576
1744906485,100,,Aggregated,674.900000,0.000000,10,16,23,30,66,86,120,150,560,970,1000,151606,33,10,23.510872327119618,0.7284640014404431,1018.9443069975823,172.05842776671108
1744906486,100,,Aggregated,672.600000,0.000000,10,16,23,30,66,86,120,150,560,970,1000,152319,33,10,23.50173111618524,0.7284640014404431,1018.9443069975823,172.11384003308845
1744906487,100,,Aggregated,671.900000,0.000000,10,16,23,30,66,86,120,150,530,970,1000,153059,33,10,23.47948705880916,0.7284640014404431,1018.9443069975823,172.06571322169881
1744906488,100,,Aggregated,672.100000,0.000000,10,16,23,30,66,86,120,150,530,970,1000,153680,33,10,23.469105530129546,0.7284640014404431,1018.9443069975823,172.0642894325872
1744906489,100,,Aggregated,668.900000,0.000000,11,17,23,30,66,86,120,150,530,970,1000,154366,33,11,23.507780608335246,0.7284640014404431,1018.9443069975823,172.11489576720263
1744906490,100,,Aggregated,670.800000,0.000000,11,17,23,30,66,86,120,150,530,970,1000,155029,33,11,23.499554028312602,0.7284640014404431,1018.9443069975823,172.06451051093666
1744906491,99,,Aggregated,675.900000,0.000000,11,17,23,30,66,86,120,150,530,970,1000,155689,33,11,23.50893356347714,0.7284640014404431,1018.9443069975823,172.10388017136728
1744906492,98,,Aggregated,676.600000,0.000000,11,17,23,30,66,86,120,150,530,970,1000,156306,33,11,23.54955866072405,0.7284640014404431,1018.9443069975823,172.0715903420214
1744906493,97,,Aggregated,664.100000,0.000000,11,17,23,30,66,86,120,150,530,970,1000,156934,33,11,23.55840421463836,0.7284640014404431,1018.9443069975823,172.1044961576204
1744906494,96,,Aggregated,665.000000,0.000000,11,17,23,31,66,86,120,150,520,970,1000,157527,33,11,23.587708697900194,0.7284640014404431,1018.9443069975823,172.09928456709008
1744906495,95,,Aggregated,667.300000,0.000000,11,17,23,31,66,86,120,150,510,970,1000,158110,33,11,23.59665252247911,0.7284640014404431,1018.9443069975823,172.09998735057871
1744906496,94,,Aggregated,654.200000,0.000000,11,17,23,31,66,86,120,150,510,970,1000,158753,33,11,23.61282737137082,0.7284640014404431,1018.9443069975823,172.11322620674886
1744906497,93,,Aggregated,652.200000,0.000000,11,17,23,31,66,86,120,150,510,970,1000,159422,33,11,23.631485942706433,0.7284640014404431,1018.9443069975823,172.12983151635282
1744906498,92,,Aggregated,647.700000,0.000000,11,17,24,31,66,86,120,150,510,970,1000,159977,33,11,23.65038794950628,0.7284640014404431,1018.9443069975823,172.07084143345605
1744906499,91,,Aggregated,639.000000,0.000000,11,17,24,31,66,86,120,150,510,970,1000,160541,33,11,23.658979569189054,0.7284640014404431,1018.9443069975823,172.11629427996587
1744906500,90,,Aggregated,625.000000,0.000000,11,17,24,31,66,86,120,150,510,970,1000,161203,33,11,23.649976823031658,0.7284640014404431,1018.9443069975823,172.1248860132876
1744906501,89,,Aggregated,629.000000,0.000000,11,17,24,31,66,86,120,150,510,970,1000,161858,33,11,23.65087291181228,0.7284640014404431,1018.9443069975823,172.12727823153628
1744906502,88,,Aggregated,625.400000,0.000000,11,17,24,31,66,86,120,150,500,970,1000,162449,33,11,23.66073370047364,0.7284640014404431,1018.9443069975823,172.09610400802714
1744906503,87,,Aggregated,621.700000,0.000000,11,17,24,31,66,86,120,150,500,970,1000,162952,33,11,23.65124924990311,0.7284640014404431,1018.9443069975823,172.1211645147037
1744906504,86,,Aggregated,611.000000,0.000000,11,17,24,31,66,86,120,150,500,970,1000,163549,33,11,23.65267196170726,0.7284640014404431,1018.9443069975823,172.13185039346007
1744906505,85,,Aggregated,607.700000,0.000000,11,17,24,31,66,86,120,150,500,970,1000,164183,33,11,23.641546781604987,0.7284640014404431,1018.9443069975823,172.15008862062456
1744906506,84,,Aggregated,610.200000,0.000000,11,17,24,31,66,86,120,150,500,970,1000,164797,33,11,23.673493318163057,0.7284640014404431,1018.9443069975823,172.1246563954441
1744906507,83,,Aggregated,598.500000,0.000000,11,17,24,31,66,86,120,150,500,970,1000,165239,33,11,23.653686747161856,0.7284640014404431,1018.9443069975823,172.1013078026374
1744906508,82,,Aggregated,581.800000,0.000000,11,17,24,31,66,86,120,150,500,970,1000,165790,33,11,23.704845804598275,0.7284640014404431,1018.9443069975823,172.13059291875263
1744906509,81,,Aggregated,580.500000,0.000000,11,17,24,31,66,86,120,150,500,970,1000,166327,35,11,23.716439615680596,0.7284640014404431,1018.9443069975823,172.1133790665376
1744906510,80,,Aggregated,584.600000,0.000000,11,17,24,31,66,86,120,150,500,970,1000,166854,35,11,23.72520848825486,0.7284640014404431,1018.9443069975823,172.14496505927337
1744906511,79,,Aggregated,567.400000,0.200000,11,17,24,31,66,86,120,150,500,970,1000,167398,35,11,23.704301206802256,0.7284640014404431,1018.9443069975823,172.0849532252476
1744906512,78,,Aggregated,554.600000,0.200000,11,17,24,31,66,86,120,150,500,970,1000,167896,35,11,23.704512358770998,0.7284640014404431,1018.9443069975823,172.1279422976128
1744906513,77,,Aggregated,553.700000,0.200000,11,17,24,31,66,86,120,150,500,970,1000,168451,35,11,23.695270218278587,0.7284640014404431,1018.9443069975823,172.12717644893766
1744906514,76,,Aggregated,556.400000,0.200000,11,17,24,31,66,86,120,150,500,970,1000,169000,35,11,23.693969059848175,0.7284640014404431,1018.9443069975823,172.125775147929
1744906515,75,,Aggregated,544.300000,0.200000,11,17,24,31,66,86,120,160,500,970,1000,169448,35,11,23.713632750591294,0.7284640014404431,1018.9443069975823,172.09186889193145
1744906516,74,,Aggregated,535.200000,0.200000,11,17,24,31,66,86,120,160,500,970,1000,169910,35,11,23.7017351868943,0.7284640014404431,1018.9443069975823,172.13520098875875
1744906517,73,,Aggregated,524.600000,0.200000,11,17,24,31,66,86,120,150,500,960,1000,170459,35,11,23.69010077509625,0.7284640014404431,1018.9443069975823,172.1452666036994
1744906518,72,,Aggregated,527.000000,0.200000,11,17,24,31,66,86,120,150,500,960,1000,171007,35,11,23.67346856053359,0.7284640014404431,1018.9443069975823,172.13741542743864
1744906519,71,,Aggregated,525.300000,0.200000,11,17,24,31,66,86,120,150,500,960,1000,171486,35,11,23.675197286858022,0.7284640014404431,1018.9443069975823,172.11679670643667
1744906520,70,,Aggregated,515.900000,0.200000,11,17,24,31,66,86,120,150,500,960,1000,171950,36,11,23.662135920553684,0.7284640014404431,1018.9443069975823,172.1102180866531
1744906521,69,,Aggregated,505.400000,0.000000,11,17,24,31,66,86,120,150,500,960,1000,172399,36,11,23.65847505057008,0.7284640014404431,1018.9443069975823,172.11170598437346
1744906522,68,,Aggregated,508.500000,0.100000,11,17,24,31,66,86,120,150,500,960,1000,172833,36,11,23.648650085152408,0.7284640014404431,1018.9443069975823,172.1225633993508
1744906523,67,,Aggregated,503.100000,0.100000,11,17,24,31,66,86,120,150,500,960,1000,173322,36,11,23.625560299529816,0.7284640014404431,1018.9443069975823,172.14102075904964
1744906524,66,,Aggregated,495.100000,0.100000,11,17,24,31,66,86,120,150,500,960,1000,173818,36,11,23.611196763246735,0.7284640014404431,1018.9443069975823,172.14232127857875
1744906525,65,,Aggregated,488.500000,0.100000,11,17,23,31,66,86,120,150,490,960,1000,174292,36,11,23.596185337583112,0.7284640014404431,1018.9443069975823,172.13042480435132
1744906526,64,,Aggregated,485.800000,0.100000,11,17,23,31,66,86,120,150,490,960,1000,174721,36,11,23.573804830175053,0.7284640014404431,1018.9443069975823,172.1404067055477
1744906527,63,,Aggregated,484.700000,0.100000,11,17,23,31,66,86,120,150,490,960,1000,175169,36,11,23.559750130474136,0.7284640014404431,1018.9443069975823,172.15362307257564
1744906528,62,,Aggregated,475.500000,0.100000,11,17,23,31,66,86,120,150,490,960,1000,175636,37,11,23.53722435515603,0.7284640014404431,1018.9443069975823,172.1459951262839
1744906529,61,,Aggregated,465.200000,0.100000,11,17,23,31,66,86,120,150,490,960,1000,176032,37,11,23.524206771571272,0.7284640014404431,1018.9443069975823,172.13307807671333
1744906530,60,,Aggregated,464.300000,0.100000,11,17,23,31,66,86,120,150,490,960,1000,176429,37,11,23.512519236011936,0.7284640014404431,1018.9443069975823,172.1413429764948
1744906531,59,,Aggregated,469.100000,0.200000,11,17,23,31,66,86,120,150,490,960,1000,176848,37,11,23.49627146714361,0.7284640014404431,1018.9443069975823,172.15262259115173
1744906532,58,,Aggregated,457.800000,0.100000,11,17,23,30,66,86,120,150,490,960,1000,177290,37,11,23.47593600153107,0.7284640014404431,1018.9443069975823,172.15185289638447
1744906533,57,,Aggregated,447.100000,0.100000,11,17,23,30,66,86,120,150,490,960,1000,177700,37,11,23.455777295843433,0.7284640014404431,1018.9443069975823,172.14054586381542
1744906534,56,,Aggregated,440.400000,0.100000,11,17,23,30,66,86,120,150,490,960,1000,178110,37,11,23.43947624833718,0.7284640014404431,1018.9443069975823,172.1514232777497
1744906535,55,,Aggregated,435.600000,0.100000,11,17,23,30,66,86,120,150,490,960,1000,178492,37,11,23.422651209159525,0.7284640014404431,1018.9443069975823,172.15310490106
1744906536,54,,Aggregated,428.200000,0.100000,10,17,23,30,66,86,120,150,490,960,1000,178887,37,10,23.407904516036567,0.7284640014404431,1018.9443069975823,172.13567224001744
1744906537,53,,Aggregated,421.400000,0.100000,10,17,23,30,66,86,120,150,490,960,1000,179235,37,10,23.3965185659125,0.7284640014404431,1018.9443069975823,172.1340307417636
1744906538,52,,Aggregated,417.500000,0.100000,10,17,23,30,66,86,120,150,490,960,1000,179607,37,10,23.386353225316572,0.7284640014404431,1018.9443069975823,172.16601246053884
1744906539,51,,Aggregated,412.400000,0.100000,10,17,23,30,66,86,120,150,480,960,1000,180003,38,10,23.371500255548117,0.7284640014404431,1018.9443069975823,172.14652533568886
1744906540,50,,Aggregated,401.500000,0.100000,10,16,23,30,66,86,120,150,480,960,1000,180338,38,10,23.357291439793073,0.7284640014404431,1018.9443069975823,172.13681531346694
1744906541,49,,Aggregated,392.700000,0.000000,10,16,23,30,66,86,120,150,480,960,1000,180677,38,10,23.346460504692992,0.7284640014404431,1018.9443069975823,172.1412576033474
1744906542,48,,Aggregated,388.600000,0.100000,10,16,23,30,66,86,120,150,480,960,1000,181024,38,10,23.331770526727706,0.7284640014404431,1018.9443069975823,172.15713938483296
1744906543,47,,Aggregated,379.000000,0.100000,10,16,23,30,66,86,120,150,480,960,1000,181349,38,10,23.321287425766272,0.7284640014404431,1018.9443069975823,172.13155848667486
1744906544,46,,Aggregated,372.900000,0.100000,10,16,23,30,66,86,120,150,480,960,1000,181666,38,10,23.311512754595274,0.7284640014404431,1018.9443069975823,172.1632501403675
1744906545,45,,Aggregated,371.900000,0.100000,10,16,23,30,66,86,120,150,480,960,1000,182006,38,10,23.299988200835372,0.7284640014404431,1018.9443069975823,172.15529158379394
1744906546,44,,Aggregated,363.100000,0.100000,10,16,23,30,66,86,120,150,480,960,1000,182303,38,10,23.284973354937513,0.7284640014404431,1018.9443069975823,172.1551098994531
1744906547,43,,Aggregated,353.700000,0.100000,10,16,23,30,66,86,120,150,480,960,1000,182631,38,10,23.271108170142053,0.7284640014404431,1018.9443069975823,172.1673647956809
1744906548,42,,Aggregated,347.600000,0.100000,10,16,23,30,66,86,120,150,480,960,1000,182956,38,10,23.262453334283595,0.7284640014404431,1018.9443069975823,172.15899997813682
1744906549,41,,Aggregated,337.600000,0.100000,10,16,23,30,66,86,120,150,480,960,1000,183246,38,10,23.25445957754155,0.7284640014404431,1018.9443069975823,172.14817785927116
1744906550,40,,Aggregated,331.200000,0.100000,10,16,23,30,66,86,120,150,480,960,1000,183478,38,10,23.250247620603744,0.7284640014404431,1018.9443069975823,172.14708575415037
1744906551,39,,Aggregated,326.100000,0.100000,10,16,23,30,66,86,120,150,480,960,1000,183747,38,10,23.241543049123166,0.7284640014404431,1018.9443069975823,172.15627466026658
1744906552,38,,Aggregated,316.600000,0.000000,10,16,23,30,66,86,120,150,470,960,1000,184022,38,10,23.23652116341658,0.7284640014404431,1018.9443069975823,172.1604373390138
1744906553,37,,Aggregated,313.600000,0.000000,10,16,23,30,66,86,120,150,470,960,1000,184294,38,10,23.224269501320304,0.7284640014404431,1018.9443069975823,172.16112298826874
1744906554,36,,Aggregated,306.500000,0.000000,10,16,23,30,66,86,120,150,470,960,1000,184555,38,10,23.212694618304955,0.7284640014404431,1018.9443069975823,172.15268077266938
1744906555,35,,Aggregated,290.800000,0.000000,10,16,23,30,66,86,120,150,470,960,1000,184798,38,10,23.200943222070904,0.7284640014404431,1018.9443069975823,172.1572852520049
1744906556,34,,Aggregated,285.000000,0.000000,10,16,23,30,66,86,120,150,470,960,1000,185040,38,10,23.19272868599858,0.7284640014404431,1018.9443069975823,172.1672935581496
1744906557,33,,Aggregated,282.000000,0.000000,10,16,23,30,66,86,120,150,470,960,1000,185274,38,10,23.179417239802238,0.7284640014404431,1018.9443069975823,172.1498213456826
1744906558,32,,Aggregated,276.800000,0.000000,10,16,23,30,66,85,120,150,470,960,1000,185487,38,10,23.169645358419274,0.7284640014404431,1018.9443069975823,172.16370958611654
1744906559,31,,Aggregated,272.200000,0.000000,10,16,23,30,66,85,120,150,470,960,1000,185693,38,10,23.15929499226229,0.7284640014404431,1018.9443069975823,172.16493890453597
1744906560,30,,Aggregated,263.500000,0.000000,10,16,23,30,66,85,120,150,470,960,1000,185921,38,10,23.14856150048275,0.7284640014404431,1018.9443069975823,172.16860924801395
1744906561,29,,Aggregated,253.700000,0.000000,10,16,23,30,66,85,120,150,460,960,1000,186148,38,10,23.143291882895422,0.7284640014404431,1018.9443069975823,172.17258847798527
1744906562,28,,Aggregated,249.800000,0.000000,10,16,23,30,66,85,120,150,460,960,1000,186372,38,10,23.134813851492236,0.7284640014404431,1018.9443069975823,172.17313223016333
1744906563,27,,Aggregated,239.500000,0.000000,10,16,23,30,66,85,120,150,460,960,1000,186578,38,10,23.124146824858265,0.7284640014404431,1018.9443069975823,172.17035234593575
1744906564,26,,Aggregated,229.400000,0.000000,10,16,23,30,66,85,120,150,460,960,1000,186735,38,10,23.11652798262996,0.7284640014404431,1018.9443069975823,172.1617425763783
1744906565,25,,Aggregated,228.700000,0.000000,10,16,23,30,66,85,120,150,460,960,1000,186900,38,10,23.111382720686795,0.7284640014404431,1018.9443069975823,172.17440877474584
1744906566,24,,Aggregated,224.500000,0.000000,10,16,23,30,66,85,120,150,460,960,1000,187068,38,10,23.10155539594372,0.7284640014404431,1018.9443069975823,172.15359120747536
1744906567,23,,Aggregated,217.500000,0.000000,10,16,23,30,66,85,120,150,460,960,1000,187199,38,10,23.10300131175084,0.7284640014404431,1018.9443069975823,172.17296566755164
1744906568,22,,Aggregated,210.300000,0.000000,10,16,23,30,66,85,120,150,460,960,1000,187372,38,10,23.094918739259334,0.7284640014404431,1018.9443069975823,172.17554383792668
1744906569,21,,Aggregated,200.400000,0.000000,10,16,23,30,66,85,120,150,460,960,1000,187529,39,10,23.09097361154012,0.7284640014404431,1018.9443069975823,172.17192007636152
1744906570,20,,Aggregated,191.500000,0.000000,10,16,23,30,66,85,120,150,460,960,1000,187684,39,10,23.08424500173933,0.7284640014404431,1018.9443069975823,172.17568892393598
1744906571,19,,Aggregated,183.400000,0.000000,10,16,23,30,66,85,120,150,460,960,1000,187836,39,10,23.07794184597969,0.7284640014404431,1018.9443069975823,172.1760525138951
1744906572,18,,Aggregated,175.100000,0.100000,10,16,23,30,66,85,120,150,460,960,1000,187974,39,10,23.071608480472857,0.7284640014404431,1018.9443069975823,172.1696032430017
1744906573,17,,Aggregated,171.600000,0.100000,10,16,23,30,66,85,120,150,450,960,1000,188088,39,10,23.06695931077138,0.7284640014404431,1018.9443069975823,172.1631045042746
1744906574,16,,Aggregated,167.000000,0.100000,10,16,23,30,66,85,120,150,450,960,1000,188182,39,10,23.063629395916394,0.7284640014404431,1018.9443069975823,172.16516988872473
1744906575,15,,Aggregated,160.000000,0.100000,10,16,23,30,66,85,120,150,450,960,1000,188289,39,10,23.060258570582306,0.7284640014404431,1018.9443069975823,172.17374886477702
1744906576,14,,Aggregated,151.700000,0.100000,10,16,23,30,66,85,120,150,450,960,1000,188384,39,10,23.06243735781879,0.7284640014404431,1018.9443069975823,172.16383026159335
1744906577,13,,Aggregated,142.100000,0.100000,10,16,23,30,66,85,120,150,450,960,1000,188473,39,10,23.058412683876654,0.7284640014404431,1018.9443069975823,172.17418940644018
1744906578,12,,Aggregated,133.300000,0.100000,10,16,23,30,66,85,120,150,450,960,1000,188569,39,10,23.054986739412474,0.7284640014404431,1018.9443069975823,172.17441891297085
1744906579,11,,Aggregated,127.600000,0.100000,10,16,23,30,66,85,120,150,450,960,1000,188655,39,10,23.050802643519987,0.7284640014404431,1018.9443069975823,172.1763801648512
1744906580,10,,Aggregated,122.500000,0.100000,10,16,23,30,66,85,120,150,450,960,1000,188723,39,10,23.046812864861653,0.7284640014404431,1018.9443069975823,172.16803463276867
1744906581,9,,Aggregated,118.100000,0.100000,10,16,23,30,66,85,120,150,450,960,1000,188785,39,10,23.044243601135097,0.7284640014404431,1018.9443069975823,172.1749344492412
1744906582,8,,Aggregated,111.700000,0.000000,10,16,23,30,66,85,120,150,450,960,1000,188849,39,10,23.040989769171436,0.7284640014404431,1018.9443069975823,172.17508697424927
1744906583,7,,Aggregated,104.000000,0.000000,10,16,23,30,66,85,120,150,450,960,1000,188905,39,10,23.038894855701454,0.7284640014404431,1018.9443069975823,172.1752203488526
1744906584,6,,Aggregated,95.500000,0.000000,10,16,23,30,66,85,120,150,450,960,1000,188953,39,10,23.036229700138584,0.7284640014404431,1018.9443069975823,172.17533460701867
1744906585,5,,Aggregated,86.900000,0.000000,10,16,23,30,66,85,120,150,450,960,1000,188988,39,10,23.035562948098697,0.7284640014404431,1018.9443069975823,172.1732755518869
1744906586,4,,Aggregated,79.500000,0.000000,10,16,23,30,66,85,120,150,450,960,1000,189012,39,10,23.034413981404857,0.7284640014404431,1018.9443069975823,172.17333291007978
1744906587,3,,Aggregated,73.600000,0.000000,10,16,23,30,66,85,120,150,450,960,1000,189033,39,10,23.033287980544824,0.7284640014404431,1018.9443069975823,172.17552490834933
1744906588,2,,Aggregated,68.100000,0.000000,10,16,23,30,66,85,120,150,450,960,1000,189049,39,10,23.032532845412145,0.7284640014404431,1018.9443069975823,172.1755629492883
1744906589,1,,Aggregated,61.300000,0.000000,10,16,23,30,66,85,120,150,450,960,1000,189057,39,10,23.032103252354165,0.7284640014404431,1018.9443069975823,172.1755819673432
1744906590,1,,Aggregated,54.200000,0.000000,10,16,23,30,66,85,120,150,450,960,1000,189059,39,10,23.031918564047814,0.7284640014404431,1018.9443069975823,172.17435826911176
1744906591,1,,Aggregated,47.900000,0.000000,10,16,23,30,66,85,120,150,450,960,1000,189065,39,10,23.03182863853867,0.7284640014404431,1018.9443069975823,172.17560098378866
1744906592,1,,Aggregated,40.000000,0.000000,10,16,23,30,66,85,120,150,450,960,1000,189073,39,10,23.031380998563055,0.7284640014404431,1018.9443069975823,172.17561999862488
1744906593,1,,Aggregated,32.800000,0.000000,10,16,23,30,66,85,120,150,450,960,1000,189081,39,10,23.03102137799836,0.7284640014404431,1018.9443069975823,172.17563901185207
1744906594,1,,Aggregated,27.400000,0.000000,10,16,23,30,66,85,120,150,450,960,1000,189089,39,10,23.030675953938644,0.7284640014404431,1018.9443069975823,172.17565802347042
1744906596,1,,Aggregated,22.400000,0.000000,10,16,23,30,66,85,120,150,450,960,1000,189097,39,10,23.030309844700362,0.7284640014404431,1018.9443069975823,172.17567703348018
1744906597,1,,Aggregated,17.600000,0.000000,10,16,23,30,66,85,120,150,450,960,1000,189105,39,10,23.02992481288859,0.7284640014404431,1018.9443069975823,172.1756960418815
1744906598,1,,Aggregated,13.600000,0.000000,10,16,23,30,66,85,120,150,450,960,1000,189113,39,10,23.02967100281996,0.7284640014404431,1018.9443069975823,172.1757150486746
1744906599,1,,Aggregated,9.100000,0.000000,10,16,23,30,66,85,120,150,450,960,1000,189121,39,10,23.029709667685175,0.7284640014404431,1018.9443069975823,172.17573405385968
1744906600,1,,Aggregated,8.000000,0.000000,10,16,23,30,66,85,120,150,450,960,1000,189126,39,10,23.029249225718782,0.7284640014404431,1018.9443069975823,172.17237714539513
1744906601,1,,Aggregated,8.000000,0.000000,10,16,23,30,66,85,120,150,450,960,1000,189129,39,10,23.029243205432728,0.7284640014404431,1018.9443069975823,172.175753057437
1744906602,1,,Aggregated,7.100000,0.000000,10,16,23,30,66,85,120,150,450,960,1000,189137,39,10,23.028791374021413,0.7284640014404431,1018.9443069975823,172.17577205940668
1744906603,1,,Aggregated,6.400000,0.000000,10,16,23,30,66,85,120,150,450,960,1000,189145,39,10,23.028326506792666,0.7284640014404431,1018.9443069975823,172.17579105976895
1744906604,1,,Aggregated,6.700000,0.000000,10,16,23,30,66,85,120,150,450,960,1000,189153,39,10,23.027917046910638,0.7284640014404431,1018.9443069975823,172.17581005852406
1744906605,1,,Aggregated,7.200000,0.000000,10,16,23,30,66,85,120,150,450,960,1000,189161,39,10,23.027527428091865,0.7284640014404431,1018.9443069975823,172.17582905567215
1744906606,1,,Aggregated,7.200000,0.000000,10,16,23,30,66,85,120,150,450,960,1000,189169,39,10,23.02716885579176,0.7284640014404431,1018.9443069975823,172.17584805121348
1744906607,1,,Aggregated,7.200000,0.000000,10,16,23,30,66,85,120,150,450,960,1000,189177,39,10,23.02667592031948,0.7284640014404431,1018.9443069975823,172.17586704514818
1744906608,1,,Aggregated,7.200000,0.000000,10,16,23,30,66,85,120,150,450,960,1000,189185,39,10,23.026332641891702,0.7284640014404431,1018.9443069975823,172.17588603747654
1744906609,1,,Aggregated,7.200000,0.000000,10,16,23,30,66,85,120,150,450,960,1000,189193,39,10,23.0260220055725,0.7284640014404431,1018.9443069975823,172.1759050281987
1744906610,1,,Aggregated,7.200000,0.000000,10,16,23,30,66,85,120,150,450,960,1000,189201,39,10,23.02561988915639,0.7284640014404431,1018.9443069975823,172.1759240173149
1744906611,1,,Aggregated,7.300000,0.000000,10,16,23,30,66,85,120,150,450,960,1000,189206,39,10,23.02513474174854,0.7284640014404431,1018.9443069975823,172.17256852319693
1744906612,1,,Aggregated,7.300000,0.000000,10,16,23,30,66,85,120,150,450,960,1000,189209,39,10,23.025131179305838,0.7284640014404431,1018.9443069975823,172.17594300482534
1744906613,1,,Aggregated,7.300000,0.000000,10,16,23,30,66,85,120,150,450,960,1000,189217,39,10,23.02468513553904,0.7284640014404431,1018.9443069975823,172.17596199073023
1744906614,1,,Aggregated,7.200000,0.000000,10,16,23,30,66,85,120,150,450,960,1000,189225,39,10,23.024255201438937,0.7284640014404431,1018.9443069975823,172.17598097502972
1744906615,1,,Aggregated,7.200000,0.000000,10,16,23,30,66,85,120,150,450,960,1000,189233,39,10,23.023854934336438,0.7284640014404431,1018.9443069975823,172.1759999577241
1744906616,1,,Aggregated,7.200000,0.000000,10,16,23,30,66,85,120,150,450,960,1000,189241,39,10,23.02351189028427,0.7284640014404431,1018.9443069975823,172.17601893881348
1744906617,1,,Aggregated,7.200000,0.000000,10,16,23,30,66,85,120,150,450,960,1000,189249,39,10,23.023145298734885,0.7284640014404431,1018.9443069975823,172.1760379182981
1744906618,1,,Aggregated,7.200000,0.000000,10,16,23,30,66,85,120,150,450,960,1000,189257,39,10,23.022654177426823,0.7284640014404431,1018.9443069975823,172.1760568961782
1744906619,1,,Aggregated,7.200000,0.000000,10,16,23,30,66,85,120,150,450,960,1000,189265,39,10,23.022278652065975,0.7284640014404431,1018.9443069975823,172.17607587245396
1744906620,1,,Aggregated,7.200000,0.000000,10,16,23,30,66,85,120,150,450,960,1000,189273,39,10,23.021789745406185,0.7284640014404431,1018.9443069975823,172.17609484712557
1744906621,1,,Aggregated,7.200000,0.000000,10,16,23,30,66,85,120,150,450,960,1000,189281,39,10,23.021407311612126,0.7284640014404431,1018.9443069975823,172.17611382019325
1744906622,1,,Aggregated,7.600000,0.000000,10,16,23,30,66,85,120,150,450,960,1000,189286,39,10,23.020921476439135,0.7284640014404431,1018.9443069975823,172.17275973923057
1744906623,1,,Aggregated,7.600000,0.000000,10,16,23,30,66,85,120,150,450,960,1000,189289,39,10,23.020987026838654,0.7284640014404431,1018.9443069975823,172.1761327916572
1744906624,1,,Aggregated,7.200000,0.000000,10,16,23,30,66,85,120,150,450,960,1000,189297,39,10,23.020567119813094,0.7284640014404431,1018.9443069975823,172.17615176151762
1744906625,1,,Aggregated,7.200000,0.000000,10,16,23,30,66,85,120,150,450,960,1000,189305,39,10,23.020136716712482,0.7284640014404431,1018.9443069975823,172.1761707297747
1744906626,1,,Aggregated,7.200000,0.000000,10,16,23,30,66,85,120,150,450,960,1000,189313,39,10,23.01966188359625,0.7284640014404431,1018.9443069975823,172.17618969642868
1744906627,1,,Aggregated,7.200000,0.000000,10,16,23,30,66,85,120,150,450,960,1000,189321,39,10,23.01921772673003,0.7284640014404431,1018.9443069975823,172.1762086614797
1744906628,1,,Aggregated,7.200000,0.000000,10,16,23,30,66,85,120,150,450,960,1000,189329,39,10,23.018738959907083,0.7284640014404431,1018.9443069975823,172.17622762492803
1744906629,1,,Aggregated,7.200000,0.000000,10,16,23,30,66,85,120,150,450,960,1000,189337,39,10,23.0183416429976,0.7284640014404431,1018.9443069975823,172.17624658677386
1744906630,1,,Aggregated,7.200000,0.000000,10,16,23,30,66,85,120,150,450,960,1000,189345,39,10,23.01804396846098,0.7284640014404431,1018.9443069975823,172.17626554701735
1744906631,1,,Aggregated,7.200000,0.000000,10,16,23,30,66,85,120,150,450,960,1000,189353,39,10,23.017616025567296,0.7284640014404431,1018.9443069975823,172.17628450565874
1744906632,1,,Aggregated,7.200000,0.000000,10,16,23,30,66,85,120,150,450,960,1000,189361,39,10,23.017177616463943,0.7284640014404431,1018.9443069975823,172.17630346269823
1744906633,1,,Aggregated,7.200000,0.000000,10,16,23,30,66,85,120,150,450,960,1000,189366,39,10,23.016717169556504,0.7284640014404431,1018.9443069975823,172.1729507937011
1744906634,1,,Aggregated,7.200000,0.000000,10,16,23,30,66,85,120,150,450,960,1000,189369,39,10,23.016689577381932,0.7284640014404431,1018.9443069975823,172.176322418136
1744906635,1,,Aggregated,7.200000,0.000000,10,16,23,30,66,85,120,150,450,960,1000,189377,39,10,23.016325978979715,0.7284640014404431,1018.9443069975823,172.1763413719723
1744906636,1,,Aggregated,7.200000,0.000000,10,16,23,30,66,85,120,150,450,960,1000,189385,39,10,23.015945057260225,0.7284640014404431,1018.9443069975823,172.1763603242073
1744906637,1,,Aggregated,7.200000,0.000000,10,16,23,30,66,85,120,150,450,960,1000,189393,39,10,23.01559957453668,0.7284640014404431,1018.9443069975823,172.1763792748412
1744906638,1,,Aggregated,7.200000,0.000000,10,16,23,30,66,85,120,150,450,960,1000,189401,39,10,23.015227394597705,0.7284640014404431,1018.9443069975823,172.1763982238742
1744906639,1,,Aggregated,7.200000,0.000000,10,16,23,30,66,85,120,150,450,960,1000,189409,39,10,23.01487837927556,0.7284640014404431,1018.9443069975823,172.17641717130653
1744906640,1,,Aggregated,7.200000,0.000000,10,16,23,30,66,85,120,150,450,960,1000,189417,39,10,23.01442321897301,0.7284640014404431,1018.9443069975823,172.17643611713837
1744906641,1,,Aggregated,7.200000,0.000000,10,16,23,30,66,85,120,150,450,960,1000,189425,39,10,23.01404667323856,0.7284640014404431,1018.9443069975823,172.17645506136992
1744906642,1,,Aggregated,7.200000,0.000000,10,16,23,30,66,85,120,150,450,960,1000,189433,39,10,23.01363728707355,0.7284640014404431,1018.9443069975823,172.17647400400142
1744906643,1,,Aggregated,7.200000,0.000000,10,16,23,30,66,85,120,150,450,960,1000,189441,39,10,23.01324155043633,0.7284640014404431,1018.9443069975823,172.176492945033
1744906644,1,,Aggregated,7.200000,0.000000,10,16,23,30,66,85,120,150,450,960,1000,189445,39,10,23.01287246901322,0.7284640014404431,1018.9443069975823,172.1740505159809
1744906645,1,,Aggregated,7.200000,0.000000,10,16,23,30,66,85,120,150,450,960,1000,189449,39,10,23.01283961979854,0.7284640014404431,1018.9443069975823,172.17651188446496
1744906646,1,,Aggregated,7.200000,0.000000,10,16,23,30,66,85,120,150,450,960,1000,189457,39,10,23.012528217206054,0.7284640014404431,1018.9443069975823,172.1765308222974
1744906647,1,,Aggregated,7.200000,0.000000,10,16,23,30,66,85,120,150,450,960,1000,189465,39,10,23.01206895228257,0.7284640014404431,1018.9443069975823,172.1765497585306
1744906648,1,,Aggregated,7.200000,0.000000,10,16,23,30,66,85,120,150,450,960,1000,189473,39,10,23.011616692569465,0.7284640014404431,1018.9443069975823,172.17656869316474
1744906649,1,,Aggregated,7.200000,0.000000,10,16,23,30,66,85,120,150,450,960,1000,189481,39,10,23.01122294072346,0.7284640014404431,1018.9443069975823,172.1765876262
1744906650,1,,Aggregated,7.200000,0.000000,10,16,23,30,66,85,120,150,450,960,1000,189489,39,10,23.01082839877894,0.7284640014404431,1018.9443069975823,172.1766065576366
1744906651,1,,Aggregated,7.200000,0.000000,10,16,23,30,66,85,120,150,450,960,1000,189497,39,10,23.01040876375469,0.7284640014404431,1018.9443069975823,172.17662548747472
1744906652,1,,Aggregated,7.200000,0.000000,10,16,23,30,66,85,120,150,450,960,1000,189505,39,10,23.01004300753137,0.7284640014404431,1018.9443069975823,172.17664441571463
1744906653,1,,Aggregated,7.200000,0.000000,10,16,23,30,66,85,120,150,450,960,1000,189513,39,10,23.009616527099684,0.7284640014404431,1018.9443069975823,172.17666334235645
1744906654,1,,Aggregated,7.200000,0.000000,10,16,23,30,66,85,120,150,450,960,1000,189519,39,10,23.009432602742965,0.7284640014404431,1018.9443069975823,172.17842538215166
1744906655,1,,Aggregated,7.200000,0.000000,10,16,23,30,66,85,120,150,450,960,1000,189521,39,10,23.009282147499476,0.7284640014404431,1018.9443069975823,172.17668226740045
1744906656,1,,Aggregated,7.200000,0.000000,10,16,23,30,66,85,120,150,450,960,1000,189529,39,10,23.00887387333467,0.7284640014404431,1018.9443069975823,172.17670119084679
1744906657,1,,Aggregated,7.200000,0.000000,10,16,23,30,66,85,120,150,450,960,1000,189537,39,10,23.008487991876233,0.7284640014404431,1018.9443069975823,172.17672011269568
1744906658,1,,Aggregated,7.200000,0.000000,10,16,23,30,66,85,120,150,450,960,1000,189545,39,10,23.008096679591862,0.7284640014404431,1018.9443069975823,172.17673903294732
1744906659,1,,Aggregated,7.200000,0.000000,10,16,23,30,66,85,120,150,450,960,1000,189553,39,10,23.007647910416786,0.7284640014404431,1018.9443069975823,172.17675795160193
1744906660,1,,Aggregated,7.200000,0.000000,10,16,23,30,66,85,120,150,450,960,1000,189561,39,10,23.007306383508393,0.7284640014404431,1018.9443069975823,172.1767768686597
1744906661,1,,Aggregated,7.200000,0.000000,10,16,23,30,66,85,120,150,450,960,1000,189569,39,10,23.006937092537434,0.7284640014404431,1018.9443069975823,172.17679578412083
1744906662,1,,Aggregated,7.200000,0.000000,10,16,23,30,66,85,120,150,450,960,1000,189577,39,10,23.0065250636957,0.7284640014404431,1018.9443069975823,172.17681469798552
1744906663,1,,Aggregated,7.200000,0.000000,10,16,23,30,66,85,120,150,450,960,1000,189585,39,10,23.006022634297288,0.7284640014404431,1018.9443069975823,172.17683361025396
1744906664,1,,Aggregated,7.200000,0.000000,10,16,23,30,66,85,120,150,450,960,1000,189593,39,10,23.00565674569335,0.7284640014404431,1018.9443069975823,172.17685252092642
1744906665,1,,Aggregated,7.200000,0.000000,10,16,23,30,66,85,120,150,450,960,1000,189598,39,10,23.00518553657865,0.7284640014404431,1018.9443069975823,172.17350393991498
1744906666,1,,Aggregated,7.200000,0.000000,10,16,23,30,66,85,120,150,450,960,1000,189601,39,10,23.005174307858265,0.7284640014404431,1018.9443069975823,172.17687143000302
1744906667,1,,Aggregated,7.200000,0.000000,10,16,23,30,66,85,120,150,450,960,1000,189609,39,10,23.0047983347955,0.7284640014404431,1018.9443069975823,172.17689033748397
1744906668,1,,Aggregated,7.200000,0.000000,10,16,23,30,66,85,120,150,450,960,1000,189617,39,10,23.004461395862442,0.7284640014404431,1018.9443069975823,172.17690924336952
1744906669,1,,Aggregated,7.200000,0.000000,10,16,23,30,66,85,120,150,450,960,1000,189625,39,10,23.004083522622285,0.7284640014404431,1018.9443069975823,172.17692814765985
1744906670,1,,Aggregated,7.200000,0.000000,10,16,23,30,66,85,120,150,450,960,1000,189633,39,10,23.00366280476638,0.7284640014404431,1018.9443069975823,172.17694705035515
1744906671,1,,Aggregated,7.200000,0.000000,10,16,23,30,66,85,120,150,450,960,1000,189641,39,10,23.00323691438701,0.7284640014404431,1018.9443069975823,172.17696595145566
1744906672,1,,Aggregated,7.200000,0.000000,10,16,23,30,66,85,120,150,450,960,1000,189649,39,10,23.00295166378022,0.7284640014404431,1018.9443069975823,172.1769848509615
1744906673,1,,Aggregated,7.200000,0.000000,10,16,23,30,66,85,120,150,450,960,1000,189657,39,10,23.002587888173153,0.7284640014404431,1018.9443069975823,172.17700374887298
1744906674,1,,Aggregated,7.200000,0.000000,10,16,23,30,66,85,120,150,450,960,1000,189665,39,10,23.002147735239802,0.7284640014404431,1018.9443069975823,172.1770226451902
1744906675,1,,Aggregated,7.200000,0.000000,10,16,23,30,66,85,120,150,450,960,1000,189673,39,10,23.001767712121698,0.7284640014404431,1018.9443069975823,172.17704153991343
1744906676,1,,Aggregated,7.200000,0.000000,10,16,23,30,66,85,120,150,450,960,1000,189677,39,10,23.001406650876216,0.7284640014404431,1018.9443069975823,172.1746020867053
1744906677,1,,Aggregated,7.200000,0.000000,10,16,23,30,66,85,120,150,450,960,1000,189681,39,10,23.001366266554143,0.7284640014404431,1018.9443069975823,172.17706043304284
1744906678,1,,Aggregated,7.200000,0.000000,10,16,23,30,66,85,120,150,450,960,1000,189689,39,10,23.001017651667997,0.7284640014404431,1018.9443069975823,172.17707932457864
1744906679,1,,Aggregated,7.200000,0.000000,10,16,23,30,66,85,120,150,450,960,1000,189697,39,10,23.000568499819455,0.7284640014404431,1018.9443069975823,172.17709821452104
1744906680,1,,Aggregated,7.200000,0.000000,10,16,23,30,66,85,120,150,450,960,1000,189705,39,10,23.00010376915346,0.7284640014404431,1018.9443069975823,172.17711710287026
1744906681,1,,Aggregated,7.200000,0.000000,10,16,23,30,66,85,120,150,450,960,1000,189713,39,10,22.999712572871974,0.7284640014404431,1018.9443069975823,172.17713598962644
1744906682,1,,Aggregated,7.200000,0.000000,10,16,23,30,66,85,120,150,450,960,1000,189721,39,10,22.999316397622128,0.7284640014404431,1018.9443069975823,172.17715487478984
1744906683,1,,Aggregated,7.200000,0.000000,10,16,23,30,66,85,120,150,450,960,1000,189729,39,10,22.998901422092928,0.7284640014404431,1018.9443069975823,172.1771737583606
1744906684,1,,Aggregated,7.200000,0.000000,10,16,23,30,66,85,120,150,450,960,1000,189737,39,10,22.998532848866006,0.7284640014404431,1018.9443069975823,172.177192640339
1744906685,1,,Aggregated,7.200000,0.000000,10,16,23,30,66,85,120,150,450,960,1000,189745,39,10,22.99817360138234,0.7284640014404431,1018.9443069975823,172.1772115207252
1744906686,1,,Aggregated,7.200000,0.000000,10,16,23,30,66,85,120,150,450,960,1000,189751,39,10,22.997974202066352,0.7284640014404431,1018.9443069975823,172.1789713888201
1744906687,1,,Aggregated,7.200000,0.000000,10,16,23,30,66,85,120,150,450,960,1000,189753,39,10,22.997779990304725,0.7284640014404431,1018.9443069975823,172.17723039951937
1744906688,1,,Aggregated,7.200000,0.000000,10,16,23,30,66,85,120,150,450,960,1000,189761,39,10,22.997327453150422,0.7284640014404431,1018.9443069975823,172.17724927672177
1744906689,1,,Aggregated,7.200000,0.000000,10,16,23,30,66,85,120,150,450,960,1000,189769,39,10,22.996928598966456,0.7284640014404431,1018.9443069975823,172.17726815233257
1744906690,1,,Aggregated,7.200000,0.000000,10,16,23,30,66,85,120,150,450,960,1000,189777,39,10,22.996476255564538,0.7284640014404431,1018.9443069975823,172.177287026352
1744906691,1,,Aggregated,7.200000,0.000000,10,16,23,30,66,85,120,150,450,960,1000,189785,39,10,22.99607427942821,0.7284640014404431,1018.9443069975823,172.1773058987802
1744906692,1,,Aggregated,7.200000,0.000000,10,16,23,30,66,85,120,150,450,960,1000,189793,39,10,22.995654760914714,0.7284640014404431,1018.9443069975823,172.17732476961743
1744906693,1,,Aggregated,7.200000,0.000000,10,16,23,30,66,85,120,150,450,960,1000,189801,39,10,22.995260621847567,0.7284640014404431,1018.9443069975823,172.17734363886387
1744906694,1,,Aggregated,7.200000,0.000000,10,16,23,30,66,85,120,150,450,960,1000,189809,39,10,22.99489815617958,0.7284640014404431,1018.9443069975823,172.1773625065197
1744906695,1,,Aggregated,7.200000,0.000000,10,16,23,30,66,85,120,150,450,960,1000,189817,39,10,22.994619071654732,0.7284640014404431,1018.9443069975823,172.1773813725852
1744906696,1,,Aggregated,7.200000,0.000000,10,16,23,30,66,85,120,150,450,960,1000,189825,39,10,22.994244242140322,0.7284640014404431,1018.9443069975823,172.17740023706045
1744906697,1,,Aggregated,7.200000,0.000000,10,16,23,30,66,85,120,150,450,960,1000,189830,39,10,22.993763928674543,0.7284640014404431,1018.9443069975823,172.17405573407785
1744906698,1,,Aggregated,7.200000,0.000000,10,16,23,30,66,85,120,150,450,960,1000,189833,39,10,22.993839230272336,0.7284640014404431,1018.9443069975823,172.17741909994575
1744906699,1,,Aggregated,7.200000,0.000000,10,16,23,30,66,85,120,150,450,960,1000,189841,39,10,22.993412123141415,0.7284640014404431,1018.9443069975823,172.17743796124125
1744906700,1,,Aggregated,7.200000,0.000000,10,16,23,30,66,85,120,150,450,960,1000,189849,39,10,22.993014978705702,0.7284640014404431,1018.9443069975823,172.17745682094719
1744906701,1,,Aggregated,7.200000,0.000000,10,16,23,30,66,85,120,150,450,960,1000,189857,39,10,22.992605030751037,0.7284640014404431,1018.9443069975823,172.17747567906372
1744906702,1,,Aggregated,7.200000,0.000000,10,16,23,30,66,85,120,150,450,960,1000,189865,39,10,22.99235073005184,0.7284640014404431,1018.9443069975823,172.17749453559108
1744906703,1,,Aggregated,7.200000,0.000000,10,16,23,30,66,85,120,150,450,960,1000,189873,39,10,22.99200695668314,0.7284640014404431,1018.9443069975823,172.17751339052947
1744906704,1,,Aggregated,7.200000,0.000000,10,16,23,30,66,85,120,150,450,960,1000,189881,39,10,22.991584370412614,0.7284640014404431,1018.9443069975823,172.17753224387906
1744906705,1,,Aggregated,7.200000,0.000000,10,16,23,30,66,85,120,150,450,960,1000,189889,39,10,22.99112278322237,0.7284640014404431,1018.9443069975823,172.1775510956401
1744906706,1,,Aggregated,7.200000,0.000000,10,16,23,30,66,85,120,150,450,960,1000,189897,39,10,22.990706393067377,0.7284640014404431,1018.9443069975823,172.17756994581273
1744906707,1,,Aggregated,7.200000,0.000000,10,16,23,30,66,85,120,150,450,960,1000,189905,39,10,22.990380184062083,0.7284640014404431,1018.9443069975823,172.1775887943972
1744906708,1,,Aggregated,7.200000,0.000000,10,16,23,30,66,85,120,150,450,960,1000,189909,39,10,22.99000058483437,0.7284640014404431,1018.9443069975823,172.1751523097905
1744906709,1,,Aggregated,7.200000,0.000000,10,16,23,30,66,85,120,150,450,960,1000,189913,39,10,22.989991265728538,0.7284640014404431,1018.9443069975823,172.17760764139368
1744906710,1,,Aggregated,7.200000,0.000000,10,16,23,30,66,85,120,150,450,960,1000,189921,39,10,22.989643276653517,0.7284640014404431,1018.9443069975823,172.1776264868024
1744906711,1,,Aggregated,7.000000,0.000000,10,16,23,30,66,85,120,150,450,960,1000,189929,39,10,22.989213742373696,0.7284640014404431,1018.9443069975823,172.17764533062356
1744906712,1,,Aggregated,6.700000,0.000000,10,16,23,30,66,85,120,150,450,960,1000,189937,39,10,22.988851304929,0.7284640014404431,1018.9443069975823,172.1776641728573
1744906713,1,,Aggregated,7.200000,0.000000,10,16,23,30,66,85,120,150,450,960,1000,189945,39,10,22.988430270932675,0.7284640014404431,1018.9443069975823,172.1776830135039
1744906714,1,,Aggregated,7.200000,0.000000,10,16,23,30,66,85,120,150,450,960,1000,189953,39,10,22.988064385939186,0.7284640014404431,1018.9443069975823,172.17770185256353
1744906715,1,,Aggregated,7.200000,0.000000,10,16,23,30,66,85,120,150,450,960,1000,189961,39,10,22.987608815116268,0.7284640014404431,1018.9443069975823,172.17772069003638
1744906716,1,,Aggregated,7.200000,0.000000,10,16,23,30,66,85,120,150,450,960,1000,189969,39,10,22.987245278220634,0.7284640014404431,1018.9443069975823,172.17773952592265
1744906717,1,,Aggregated,7.200000,0.000000,10,16,23,30,66,85,120,150,450,960,1000,189977,39,10,22.986813583477442,0.7284640014404431,1018.9443069975823,172.17775836022255
1744906718,1,,Aggregated,7.200000,0.000000,10,16,23,30,66,85,120,150,450,960,1000,189982,39,10,22.98636357790891,0.7284640014404431,1018.9443069975823,172.17441652367066
1744906720,1,,Aggregated,7.200000,0.000000,10,16,23,30,66,85,120,150,450,960,1000,189985,39,10,22.98645053322258,0.7284640014404431,1018.9443069975823,172.17777719293628
1744906721,1,,Aggregated,7.200000,0.000000,10,16,23,30,66,85,120,150,450,960,1000,189993,39,10,22.98599593196216,0.7284640014404431,1018.9443069975823,172.17779602406404
1744906722,1,,Aggregated,7.100000,0.000000,10,16,23,30,66,85,120,150,440,940,1000,190001,39,10,22.985607765002786,0.7284640014404431,1018.9443069975823,172.17781485360604
1744906723,1,,Aggregated,7.200000,0.000000,10,16,23,30,66,85,120,150,440,940,1000,190009,39,10,22.985217275967393,0.7284640014404431,1018.9443069975823,172.17783368156245
1744906724,1,,Aggregated,7.200000,0.000000,10,16,23,30,66,85,120,150,440,940,1000,190017,39,10,22.984771168739034,0.7284640014404431,1018.9443069975823,172.1778525079335
1744906725,1,,Aggregated,7.200000,0.000000,10,16,23,30,66,85,120,150,440,940,1000,190025,39,10,22.984305457614994,0.7284640014404431,1018.9443069975823,172.17787133271938
1744906726,1,,Aggregated,7.200000,0.000000,10,16,23,30,66,85,120,150,440,940,1000,190033,39,10,22.983856534792825,0.7284640014404431,1018.9443069975823,172.1778901559203
1744906727,1,,Aggregated,7.200000,0.000000,10,16,23,30,66,85,120,150,440,940,1000,190041,39,10,22.983464380472018,0.7284640014404431,1018.9443069975823,172.17790897753642
1744906728,1,,Aggregated,7.200000,0.000000,10,16,23,30,66,85,120,150,440,940,1000,190049,39,10,22.983072531506497,0.7284640014404431,1018.9443069975823,172.177927797568
1744906729,1,,Aggregated,7.200000,0.000000,10,16,23,30,66,85,120,150,440,940,1000,190057,39,10,22.982583336732045,0.7284640014404431,1018.9443069975823,172.1779466160152
1744906730,1,,Aggregated,7.200000,0.000000,10,16,23,30,66,85,120,150,440,940,1000,190065,39,10,22.982101878916676,0.7284640014404431,1018.9443069975823,172.17796543287824
1744906731,1,,Aggregated,7.500000,0.000000,10,16,23,30,66,85,120,150,440,940,1000,190070,39,10,22.981611717016353,0.7284640014404431,1018.9443069975823,172.17462513810702
1744906732,1,,Aggregated,7.500000,0.000000,10,16,23,30,66,85,120,150,440,940,1000,190073,39,10,22.98161198633847,0.7284640014404431,1018.9443069975823,172.1779842481573
1744906733,3,,Aggregated,7.700000,0.000000,10,16,23,30,66,85,120,150,440,940,1000,190097,39,10,22.98042449375484,0.7284640014404431,1018.9443069975823,172.17804068449266
1744906734,4,,Aggregated,7.200000,0.000000,10,16,23,30,66,85,120,150,440,940,1000,190129,39,10,22.978826370218524,0.7284640014404431,1018.9443069975823,172.17811591077637
1744906735,6,,Aggregated,8.800000,0.000000,10,16,23,30,66,85,120,150,440,940,1000,190177,39,10,22.977057783992247,0.7284640014404431,1018.9443069975823,172.17822870273483
1744906736,8,,Aggregated,11.200000,0.000000,10,16,23,30,66,85,120,150,440,940,1000,190238,40,10,22.974431398491994,0.7284640014404431,1018.9443069975823,172.17502286609405
1744906737,9,,Aggregated,14.900000,0.000000,10,16,23,30,66,85,120,150,440,940,1000,190305,40,10,22.972997730502787,0.7284640014404431,1018.9443069975823,172.17852920312131
1744906738,11,,Aggregated,20.000000,0.100000,10,16,23,30,66,85,120,150,440,940,1000,190387,41,10,22.96817508677241,0.7284640014404431,1018.9443069975823,172.17202855236965
1744906739,13,,Aggregated,25.800000,0.100000,10,16,23,30,66,85,120,150,440,940,1000,190478,41,10,22.96421356755281,0.7284640014404431,1018.9443069975823,172.1755898318966
1744906740,14,,Aggregated,32.500000,0.200000,10,16,23,30,66,85,120,150,440,940,1000,190582,41,10,22.959296545068746,0.7284640014404431,1018.9443069975823,172.1758350736166
1744906741,16,,Aggregated,41.300000,0.200000,10,16,23,30,66,85,120,150,440,940,1000,190702,41,10,22.953607203475983,0.7284640014404431,1018.9443069975823,172.17611771245188
1744906742,18,,Aggregated,51.200000,0.200000,10,16,23,30,66,85,120,150,440,940,1000,190840,41,10,22.947267128024922,0.7284640014404431,1018.9443069975823,172.18061203102076
1744906743,19,,Aggregated,62.600000,0.200000,10,16,23,30,66,85,120,150,440,940,1000,190981,41,10,22.939986621806835,0.7284640014404431,1018.9443069975823,172.17760405485362
1744906744,21,,Aggregated,74.600000,0.200000,10,16,23,30,66,85,120,150,440,940,1000,191131,41,10,22.93354856955834,0.7284640014404431,1018.9443069975823,172.173791797249
1744906745,23,,Aggregated,85.800000,0.200000,10,16,22,30,66,85,120,150,440,940,1000,191301,41,10,22.926471781545075,0.7284640014404431,1018.9443069975823,172.1784256224484
1744906746,24,,Aggregated,98.400000,0.200000,10,16,22,30,66,85,120,150,440,940,1000,191485,41,10,22.9188467516531,0.7284640014404431,1018.9443069975823,172.17878162780374
1744906747,26,,Aggregated,111.300000,0.200000,10,16,22,30,66,85,120,150,440,940,1000,191672,41,10,22.910567400993816,0.7284640014404431,1018.9443069975823,172.17174130806794
1744906748,28,,Aggregated,121.200000,0.100000,10,16,22,29,66,85,120,150,440,940,1000,191869,41,10,22.9028458148024,0.7284640014404431,1018.9443069975823,172.17431685160187
1744906749,29,,Aggregated,133.100000,0.100000,10,16,22,29,66,85,120,150,430,940,1000,192083,41,10,22.896273245473804,0.7284640014404431,1018.9443069975823,172.1760280711984
1744906750,31,,Aggregated,145.800000,0.000000,10,16,22,29,66,85,120,150,430,940,1000,192302,41,10,22.88430109761909,0.7284640014404431,1018.9443069975823,172.16418445986002
1744906751,33,,Aggregated,156.000000,0.000000,10,16,22,29,66,85,120,150,430,940,1000,192534,41,10,22.87451388333181,0.7284640014404431,1018.9443069975823,172.18038891832092
1744906752,35,,Aggregated,168.800000,0.000000,10,16,22,29,66,85,120,150,430,940,1000,192809,41,10,22.86407566070757,0.7284640014404431,1018.9443069975823,172.18432749508582
1744906753,36,,Aggregated,181.700000,0.000000,10,16,22,29,65,85,120,150,430,940,1000,193085,41,10,22.850940477776426,0.7284640014404431,1018.9443069975823,172.1717585519331
1744906754,38,,Aggregated,194.100000,0.000000,10,16,22,29,65,85,120,150,430,940,1000,193349,41,10,22.84206663094415,0.7284640014404431,1018.9443069975823,172.17288943826966
1744906755,40,,Aggregated,204.800000,0.000000,10,16,22,29,65,85,120,150,430,940,1000,193628,41,10,22.828685811924846,0.7284640014404431,1018.9443069975823,172.17384882351726
1744906756,41,,Aggregated,216.200000,0.000000,10,16,22,29,65,85,120,150,430,940,1000,193923,41,10,22.816199416991513,0.7284640014404431,1018.9443069975823,172.18028805247442
1744906757,43,,Aggregated,227.300000,0.000000,10,16,22,29,65,85,120,150,420,940,1000,194252,41,10,22.805746204375055,0.7284640014404431,1018.9443069975823,172.1860263986986
1744906758,45,,Aggregated,240.300000,0.000000,10,16,22,29,65,85,120,150,420,940,1000,194563,41,10,22.794678129949045,0.7284640014404431,1018.9443069975823,172.17581451766267
1744906759,46,,Aggregated,253.000000,0.000000,10,16,22,29,65,85,120,150,420,940,1000,194904,42,10,22.78292345662128,0.7284640014404431,1018.9443069975823,172.17925748060583
1744906760,48,,Aggregated,263.300000,0.000000,10,16,22,29,65,85,120,150,420,940,1000,195231,42,10,22.773764921458447,0.7284640014404431,1018.9443069975823,172.17072083839145
1744906761,50,,Aggregated,277.400000,0.100000,10,16,22,29,65,85,120,150,420,940,1000,195588,42,10,22.76392902069253,0.7284640014404431,1018.9443069975823,172.18851872303003
1744906762,51,,Aggregated,289.200000,0.100000,10,16,22,29,65,85,120,150,420,940,1000,195968,42,10,22.75236218754697,0.7284640014404431,1018.9443069975823,172.17205360058784
1744906763,53,,Aggregated,296.100000,0.100000,10,16,22,29,65,85,120,150,420,940,1000,196296,42,10,22.739819317572064,0.7284640014404431,1018.9443069975823,172.1728817703876
1744906764,55,,Aggregated,305.500000,0.100000,10,16,22,29,65,85,120,150,420,940,1000,196676,42,10,22.73164691624895,0.7284640014404431,1018.9443069975823,172.18563525798777
1744906765,56,,Aggregated,320.800000,0.100000,10,16,22,29,65,85,120,150,410,940,1000,197100,42,10,22.724574173765053,0.7284640014404431,1018.9443069975823,172.18658041603248
1744906766,58,,Aggregated,336.000000,0.100000,10,16,22,29,65,85,120,150,410,940,1000,197539,42,10,22.71962730350508,0.7284640014404431,1018.9443069975823,172.1831537063567
1744906767,60,,Aggregated,347.600000,0.100000,10,16,22,29,65,85,120,150,410,940,1000,197958,42,10,22.714231449949164,0.7284640014404431,1018.9443069975823,172.16768203356267
1744906768,61,,Aggregated,354.000000,0.100000,10,16,22,29,65,85,120,150,410,940,1000,198351,42,10,22.70725793834191,0.7284640014404431,1018.9443069975823,172.18262070773528
1744906769,63,,Aggregated,362.700000,0.100000,10,16,22,29,65,85,120,150,410,940,1000,198803,42,10,22.697977507406673,0.7284640014404431,1018.9443069975823,172.18072161888904
1744906770,65,,Aggregated,371.900000,0.100000,10,16,22,29,65,85,120,150,410,940,1000,199255,42,10,22.681489767312943,0.7284640014404431,1018.9443069975823,172.1752327419638
1744906771,66,,Aggregated,385.700000,0.000000,10,16,22,29,65,85,120,150,410,940,1000,199727,42,10,22.67233633784574,0.7284640014404431,1018.9443069975823,172.19088555878776
1744906772,68,,Aggregated,397.600000,0.000000,10,16,22,29,65,85,120,150,410,930,1000,200248,42,10,22.652709551086367,0.7284640014404431,1018.9443069975823,172.1911529703168
1744906773,70,,Aggregated,412.100000,0.000000,10,16,22,29,65,85,120,150,410,930,1000,200706,42,10,22.643706206660227,0.7284640014404431,1018.9443069975823,172.1857243928931
1744906774,71,,Aggregated,426.000000,0.000000,10,16,22,29,65,85,120,150,400,930,1000,201235,42,10,22.63915571074608,0.7284640014404431,1018.9443069975823,172.1964469401446
1744906775,73,,Aggregated,430.900000,0.000000,10,16,22,29,65,85,120,150,400,930,1000,201708,42,10,22.62495991565011,0.7284640014404431,1018.9443069975823,172.1672120094394
1744906776,75,,Aggregated,439.000000,0.000000,10,16,22,29,65,85,120,150,400,930,1000,202238,42,10,22.623910057155225,0.7284640014404431,1018.9443069975823,172.20729536486715
1744906777,76,,Aggregated,448.100000,0.000000,10,16,22,29,65,85,120,150,400,930,1000,202785,42,10,22.628006109879482,0.7284640014404431,1018.9443069975823,172.1654560248539
1744906778,78,,Aggregated,466.300000,0.000000,10,16,22,29,65,85,120,150,400,930,1000,203302,42,10,22.621049182934218,0.7284640014404431,1018.9443069975823,172.1737415273829
1744906779,80,,Aggregated,476.400000,0.000000,10,16,22,29,65,85,120,150,400,930,1000,203848,42,10,22.607048231544784,0.7284640014404431,1018.9443069975823,172.17374220007065
1744906780,81,,Aggregated,488.400000,0.000000,10,16,22,29,65,85,120,150,400,930,1000,204378,42,10,22.620115773062437,0.7284640014404431,1018.9443069975823,172.18851833367583
1744906781,83,,Aggregated,498.500000,0.000000,10,16,22,29,65,85,120,150,400,930,1000,204964,42,10,22.619419583238496,0.7284640014404431,1018.9443069975823,172.1794998146016
1744906782,85,,Aggregated,503.300000,0.000000,10,16,22,29,65,85,120,150,400,930,1000,205533,42,10,22.620317301303995,0.7284640014404431,1018.9443069975823,172.19407102509086
1744906783,86,,Aggregated,515.700000,0.000000,10,16,22,29,65,85,120,150,400,930,1000,206105,42,10,22.6201960689307,0.7284640014404431,1018.9443069975823,172.15407680551175
1744906784,88,,Aggregated,521.400000,0.000000,10,16,22,29,65,85,120,150,400,930,1000,206672,42,10,22.628734540135753,0.7284640014404431,1018.9443069975823,172.20463826739956
1744906785,90,,Aggregated,541.100000,0.000000,10,16,22,29,65,85,120,150,390,930,1000,207330,42,10,22.6315049623588,0.7284640014404431,1018.9443069975823,172.19072975449765
1744906786,92,,Aggregated,546.700000,0.000000,10,16,22,29,65,85,120,150,390,930,1000,207966,42,10,22.649160255290862,0.7284640014404431,1018.9443069975823,172.19923449025322
1744906787,93,,Aggregated,552.800000,0.000000,10,16,22,29,65,85,120,150,390,930,1000,208573,42,10,22.65969277221322,0.7284640014404431,1018.9443069975823,172.1971204326543
1744906788,95,,Aggregated,564.400000,0.000000,10,16,22,29,65,85,120,150,390,930,1000,209195,42,10,22.642595209937536,0.7284640014404431,1018.9443069975823,172.18388106790314
1744906789,97,,Aggregated,568.000000,0.000000,10,16,22,29,65,85,120,150,390,930,1000,209838,42,10,22.676562555480206,0.7284640014404431,1018.9443069975823,172.19941573976115
1744906790,98,,Aggregated,581.500000,0.000000,10,16,22,29,65,85,120,150,390,920,1000,210491,42,10,22.674083688532402,0.7284640014404431,1018.9443069975823,172.19107705317566
1744906791,99,,Aggregated,594.500000,0.000000,10,16,22,29,65,85,120,150,390,920,1000,211150,42,10,22.67946436485799,0.7284640014404431,1018.9443069975823,172.16190859578498
1744906792,100,,Aggregated,602.000000,0.000000,10,16,22,29,65,85,120,150,390,920,1000,211807,42,10,22.696564907962923,0.7284640014404431,1018.9443069975823,172.20707530912577
1744906793,100,,Aggregated,614.900000,0.000000,10,16,22,29,65,85,120,150,390,920,1000,212496,42,10,22.690372822622038,0.7284640014404431,1018.9443069975823,172.20635211956932
1744906794,100,,Aggregated,629.300000,0.000000,10,16,22,29,65,85,120,150,390,920,1000,213143,42,10,22.737033717939756,0.7284640014404431,1018.9443069975823,172.18169022674917
1744906795,100,,Aggregated,628.500000,0.000000,10,16,22,29,65,85,120,150,390,920,1000,213732,42,10,22.73687738425558,0.7284640014404431,1018.9443069975823,172.18762749611662
1744906796,100,,Aggregated,631.000000,0.000000,10,16,22,29,65,85,120,150,390,920,1000,214441,42,10,22.73665319787536,0.7284640014404431,1018.9443069975823,172.20501210123064
1744906797,100,,Aggregated,647.000000,0.000000,10,16,22,29,65,85,120,150,390,920,1000,215140,42,10,22.76082125281023,0.7284640014404431,1018.9443069975823,172.20011155526635
1744906798,100,,Aggregated,652.100000,0.000000,10,16,22,29,65,85,120,150,390,920,1000,215829,42,10,22.772431325955502,0.7284640014404431,1018.9443069975823,172.1914710256731
1744906799,100,,Aggregated,659.300000,0.000000,10,16,22,29,65,85,120,150,380,920,1000,216456,42,10,22.765645827233204,0.7284640014404431,1018.9443069975823,172.19573492996267
1744906800,100,,Aggregated,655.600000,0.000000,10,16,22,29,65,85,120,150,380,920,1000,217149,42,10,22.758921345672718,0.7284640014404431,1018.9443069975823,172.22283316985113
1744906801,100,,Aggregated,650.200000,0.000000,10,16,22,29,65,85,120,150,380,920,1000,217868,42,10,22.78581897099814,0.7284640014404431,1018.9443069975823,172.21441423247103
1744906802,100,,Aggregated,664.700000,0.000000,10,16,22,29,65,85,120,150,380,920,1000,218409,42,10,22.803356169738088,0.7284640014404431,1018.9443069975823,172.2049182954915
1744906803,100,,Aggregated,654.500000,0.000000,10,16,23,30,65,85,120,150,380,920,1000,219023,42,10,22.83191622028858,0.7284640014404431,1018.9443069975823,172.21485871346846
1744906804,100,,Aggregated,649.500000,0.000000,10,16,23,30,65,85,120,150,380,920,1000,219724,42,10,22.88264221547643,0.7284640014404431,1018.9443069975823,172.20371921137428
1744906805,100,,Aggregated,658.900000,0.000000,10,16,23,30,65,85,120,150,380,910,1000,220314,42,10,22.89863896151084,0.7284640014404431,1018.9443069975823,172.20367747850796
1744906806,100,,Aggregated,653.600000,0.000000,10,16,23,30,65,85,120,150,380,910,1000,220912,42,10,22.91512125374933,0.7284640014404431,1018.9443069975823,172.22409375679004
1744906807,100,,Aggregated,650.500000,0.000000,10,16,23,30,65,85,120,150,380,910,1000,221643,42,10,22.937968732151553,0.7284640014404431,1018.9443069975823,172.23590639000554
1744906808,100,,Aggregated,647.600000,0.000000,10,16,23,30,66,85,120,150,380,910,1000,222277,42,10,22.980426539710795,0.7284640014404431,1018.9443069975823,172.17384164803377
1744906809,100,,Aggregated,646.400000,0.000000,10,16,23,30,66,85,120,150,380,910,1000,222832,42,10,22.992176192622093,0.7284640014404431,1018.9443069975823,172.22608961010985
1744906810,100,,Aggregated,644.700000,0.000000,10,16,23,30,66,85,120,150,380,910,1000,223551,42,10,23.040379321096047,0.7284640014404431,1018.9443069975823,172.22782720721446
1744906811,100,,Aggregated,648.800000,0.000000,10,16,23,30,66,85,120,150,380,910,1000,224181,42,10,23.06558640187309,0.7284640014404431,1018.9443069975823,172.19557411198986
1744906812,100,,Aggregated,632.500000,0.000000,10,16,23,31,66,85,120,150,380,910,1000,224787,42,10,23.074919154934626,0.7284640014404431,1018.9443069975823,172.24134847655782
1744906813,100,,Aggregated,629.600000,0.000000,10,16,23,31,66,85,120,150,370,910,1000,225517,42,10,23.095927604159996,0.7284640014404431,1018.9443069975823,172.22445757969464
1744906814,100,,Aggregated,637.800000,0.000000,10,16,23,31,66,85,120,150,370,910,1000,226199,42,10,23.09747582773732,0.7284640014404431,1018.9443069975823,172.21448812771055
1744906815,100,,Aggregated,625.100000,0.000000,10,16,23,30,66,85,120,150,370,910,1000,226837,42,10,23.090280292793004,0.7284640014404431,1018.9443069975823,172.2086652530231
1744906816,100,,Aggregated,633.400000,0.000000,10,16,23,30,66,85,120,150,370,910,1000,227436,42,10,23.09462053754636,0.7284640014404431,1018.9443069975823,172.2144163632846
1744906817,100,,Aggregated,640.400000,0.000000,10,16,23,30,66,85,120,150,370,910,1000,228155,42,10,23.097544211945095,0.7284640014404431,1018.9443069975823,172.24701189980496
1744906818,100,,Aggregated,642.100000,0.000000,10,16,23,30,66,85,120,150,370,910,1000,228928,42,10,23.10401888620572,0.7284640014404431,1018.9443069975823,172.2409534875594
1744906819,100,,Aggregated,652.600000,0.000000,10,16,23,31,66,85,120,150,370,910,1000,229530,42,10,23.1381026807794,0.7284640014404431,1018.9443069975823,172.21494358035986
1744906820,100,,Aggregated,651.800000,0.000000,10,16,23,31,66,85,120,150,370,910,1000,230094,42,10,23.145404436536147,0.7284640014404431,1018.9443069975823,172.2215746607908
1744906821,100,,Aggregated,641.900000,0.000000,10,16,23,31,66,85,120,150,370,910,1000,230751,42,10,23.165181951863406,0.7284640014404431,1018.9443069975823,172.22832837127467
1744906822,100,,Aggregated,657.700000,0.000000,10,16,23,31,66,85,120,150,360,910,1000,231431,42,10,23.161497013953863,0.7284640014404431,1018.9443069975823,172.24986713102393
1744906823,100,,Aggregated,668.400000,0.000000,10,17,23,31,66,85,120,150,360,910,1000,232186,42,10,23.17066140419063,0.7284640014404431,1018.9443069975823,172.23636653372728
1744906824,100,,Aggregated,657.800000,0.000000,10,17,23,31,66,85,120,150,360,910,1000,232828,42,10,23.185098549239346,0.7284640014404431,1018.9443069975823,172.2318449671002
1744906825,100,,Aggregated,661.500000,0.000000,10,17,23,31,66,85,120,150,360,910,1000,233481,42,10,23.186795137173487,0.7284640014404431,1018.9443069975823,172.22654091767637
1744906826,100,,Aggregated,660.200000,0.000000,10,17,23,31,66,85,120,150,360,910,1000,234075,42,10,23.183066123902123,0.7284640014404431,1018.9443069975823,172.22132222578233
1744906827,100,,Aggregated,660.000000,0.000000,10,17,23,31,66,85,120,150,360,910,1000,234756,42,10,23.194116136240847,0.7284640014404431,1018.9443069975823,172.2480277394401
1744906828,100,,Aggregated,660.900000,0.000000,10,17,24,31,66,85,120,150,360,910,1000,235498,42,10,23.22766134078159,0.7284640014404431,1018.9443069975823,172.24183220239664
1744906829,100,,Aggregated,655.600000,0.000000,10,17,24,31,66,85,120,150,360,910,1000,236100,42,10,23.240846752191793,0.7284640014404431,1018.9443069975823,172.2080770859805
1744906830,100,,Aggregated,651.300000,0.000000,10,17,24,31,66,85,120,150,360,910,1000,236639,42,10,23.251447613637357,0.7284640014404431,1018.9443069975823,172.22421071759092
1744906831,100,,Aggregated,660.300000,0.000000,11,17,24,31,66,85,120,150,360,910,1000,237325,42,11,23.298770691610898,0.7284640014404431,1018.9443069975823,172.2522743073844
1744906832,100,,Aggregated,661.100000,0.000000,11,17,24,31,66,85,120,150,360,910,1000,237989,42,11,23.321669840007736,0.7284640014404431,1018.9443069975823,172.21935887793134
1744906833,100,,Aggregated,642.400000,0.000000,11,17,24,31,66,86,120,150,360,910,1000,238561,42,11,23.32892119947761,0.7284640014404431,1018.9443069975823,172.24777310624955
1744906834,100,,Aggregated,647.900000,0.000000,11,17,24,31,66,86,120,150,360,910,1000,239259,42,11,23.3859379678114,0.7284640014404431,1018.9443069975823,172.24713385912338
1744906835,100,,Aggregated,651.500000,0.000000,11,17,24,31,66,86,120,150,360,910,1000,239947,42,11,23.402632987816457,0.7284640014404431,1018.9443069975823,172.22821289701477
1744906836,100,,Aggregated,645.400000,0.000000,11,17,24,31,66,86,120,150,360,910,1000,240525,42,11,23.401078711891287,0.7284640014404431,1018.9443069975823,172.24066936908847
1744906837,100,,Aggregated,631.500000,0.000000,11,17,24,32,66,86,120,150,350,910,1000,241173,42,11,23.417426920793794,0.7284640014404431,1018.9443069975823,172.24643305842693
1744906838,100,,Aggregated,635.800000,0.000000,11,17,24,32,66,86,120,150,350,910,1000,241839,42,11,23.423350311945587,0.7284640014404431,1018.9443069975823,172.2612357808294
1744906839,100,,Aggregated,634.800000,0.000000,11,17,24,31,66,86,120,150,350,910,1000,242594,42,11,23.41467781483683,0.7284640014404431,1018.9443069975823,172.2616305432121
1744906840,100,,Aggregated,641.000000,0.000000,11,17,24,31,66,86,120,150,350,910,1000,243211,42,11,23.420187280634686,0.7284640014404431,1018.9443069975823,172.24111985066466
1744906841,100,,Aggregated,644.300000,0.000000,11,17,24,31,66,86,120,150,350,910,1000,243875,42,11,23.41934345539521,0.7284640014404431,1018.9443069975823,172.24666735007688
1744906842,100,,Aggregated,635.400000,0.000000,11,17,24,31,66,86,120,150,350,910,1000,244533,42,11,23.41343983018854,0.7284640014404431,1018.9443069975823,172.25888530382403
1744906843,100,,Aggregated,653.900000,0.000000,11,17,24,31,66,86,120,150,340,910,1000,245256,42,11,23.41607225557111,0.7284640014404431,1018.9443069975823,172.2665215122158
1744906844,100,,Aggregated,650.700000,0.000000,11,17,24,31,66,86,120,150,340,910,1000,245966,42,11,23.41236897966557,0.7284640014404431,1018.9443069975823,172.253567566249
1744906845,100,,Aggregated,653.000000,0.000000,11,17,24,31,66,86,120,150,340,910,1000,246633,42,11,23.41024848883695,0.7284640014404431,1018.9443069975823,172.25554974395155
1744906846,100,,Aggregated,664.900000,0.000000,11,17,24,31,66,86,120,150,340,910,1000,247279,42,11,23.409463430850476,0.7284640014404431,1018.9443069975823,172.22425681113236
1744906847,100,,Aggregated,671.500000,0.000000,11,17,24,31,66,86,120,150,340,910,1000,247954,42,11,23.405118979319667,0.7284640014404431,1018.9443069975823,172.26948546907894
1744906848,100,,Aggregated,668.700000,0.000000,11,17,24,31,66,86,120,150,340,910,1000,248617,42,11,23.4019765432547,0.7284640014404431,1018.9443069975823,172.25940703974388
1744906849,100,,Aggregated,673.700000,0.000000,11,17,24,31,66,86,120,150,340,910,1000,249337,42,11,23.41612907891464,0.7284640014404431,1018.9443069975823,172.27209359220655
1744906850,100,,Aggregated,676.600000,0.000000,11,17,24,31,66,85,120,150,340,910,1000,250048,42,11,23.410268079181876,0.7284640014404431,1018.9443069975823,172.25345933580752
1744906851,99,,Aggregated,669.900000,0.000000,11,17,24,31,66,85,120,150,340,910,1000,250699,42,11,23.402702350158414,0.7284640014404431,1018.9443069975823,172.25690968053323
1744906852,98,,Aggregated,669.200000,0.000000,11,17,24,31,66,85,120,150,340,910,1000,251292,42,11,23.390502414320455,0.7284640014404431,1018.9443069975823,172.26493481686643
1744906853,97,,Aggregated,673.300000,0.000000,11,17,24,31,66,85,120,150,330,910,1000,252011,42,11,23.404665293167515,0.7284640014404431,1018.9443069975823,172.28279321140744
1744906854,96,,Aggregated,679.400000,0.000000,11,17,24,31,66,85,120,150,330,910,1000,252693,42,11,23.391982374091352,0.7284640014404431,1018.9443069975823,172.2551633800699
1744906855,95,,Aggregated,670.000000,0.000000,11,17,24,31,66,85,120,150,330,910,1000,253284,42,11,23.394178838660267,0.7284640014404431,1018.9443069975823,172.24892610666288
1744906856,94,,Aggregated,667.900000,0.000000,11,17,24,31,66,85,120,150,330,910,1000,253919,42,11,23.388782468969534,0.7284640014404431,1018.9443069975823,172.2794316297717
1744906857,93,,Aggregated,671.200000,0.000000,11,17,24,31,66,85,120,150,330,910,1000,254600,42,11,23.39479474206671,0.7284640014404431,1018.9443069975823,172.26778868813827
1744906858,92,,Aggregated,665.400000,0.000000,11,17,24,31,66,85,120,150,330,910,1000,255231,42,11,23.389518369583687,0.7284640014404431,1018.9443069975823,172.2814861831047
1744906859,91,,Aggregated,652.200000,0.000000,11,17,24,31,66,85,120,150,330,910,1000,255835,42,11,23.37341424190292,0.7284640014404431,1018.9443069975823,172.26341587351223
1744906860,90,,Aggregated,653.900000,0.000000,11,17,24,31,66,85,120,150,330,910,1000,256459,42,11,23.36064063240629,0.7284640014404431,1018.9443069975823,172.2765393298734
1744906861,89,,Aggregated,655.000000,0.000000,11,17,24,31,66,85,120,150,330,910,1000,257099,42,11,23.342407508591457,0.7284640014404431,1018.9443069975823,172.2777918233832
1744906862,88,,Aggregated,654.500000,0.000000,11,17,24,31,66,85,120,150,330,910,1000,257704,42,11,23.328594950052572,0.7284640014404431,1018.9443069975823,172.2793553844721
1744906863,87,,Aggregated,641.300000,0.000000,11,17,24,31,66,85,120,150,330,910,1000,258331,42,11,23.31825370193058,0.7284640014404431,1018.9443069975823,172.26773016014337
1744906864,86,,Aggregated,635.400000,0.000000,11,17,24,31,66,85,120,150,330,910,1000,258905,42,11,23.311577244524038,0.7284640014404431,1018.9443069975823,172.28182151754504
1744906865,85,,Aggregated,635.800000,0.000000,11,17,24,31,66,85,120,150,330,910,1000,259503,42,11,23.30010659315482,0.7284640014404431,1018.9443069975823,172.28279827208164
1744906866,84,,Aggregated,631.600000,0.000000,11,17,24,31,66,85,120,150,330,910,1000,260074,42,11,23.29106877682708,0.7284640014404431,1018.9443069975823,172.2746333735783
1744906867,83,,Aggregated,623.200000,0.000000,11,17,24,31,66,85,120,150,330,910,1000,260643,42,11,23.283673191935126,0.7284640014404431,1018.9443069975823,172.2905084732757
1744906868,82,,Aggregated,614.100000,0.000000,11,17,24,31,66,85,120,150,330,910,1000,261264,42,11,23.27088576247639,0.7284640014404431,1018.9443069975823,172.28886490293343
1744906869,81,,Aggregated,615.300000,0.000000,11,17,24,31,66,85,120,150,330,910,1000,261854,44,11,23.26525384154382,0.7284640014404431,1018.9443069975823,172.27497002146234
1744906870,80,,Aggregated,606.600000,0.000000,11,17,24,31,66,85,120,150,330,910,1000,262377,44,11,23.250640730150074,0.7284640014404431,1018.9443069975823,172.28169008716466
1744906871,79,,Aggregated,599.200000,0.000000,11,17,24,31,66,85,120,150,330,910,1000,262909,44,11,23.234890103216358,0.7284640014404431,1018.9443069975823,172.2852279686127
1744906872,78,,Aggregated,596.400000,0.200000,11,17,24,31,66,85,120,150,330,910,1000,263416,44,11,23.227767193038588,0.7284640014404431,1018.9443069975823,172.29075302942874
1744906873,77,,Aggregated,591.900000,0.200000,11,17,24,31,66,85,120,150,330,910,1000,264002,44,11,23.21880092447168,0.7284640014404431,1018.9443069975823,172.29893712926417
1744906874,76,,Aggregated,579.500000,0.200000,11,17,24,31,66,85,120,150,330,910,1000,264579,44,11,23.21171173134863,0.7284640014404431,1018.9443069975823,172.29149327800013
1744906875,75,,Aggregated,568.800000,0.200000,11,17,24,31,66,85,120,150,320,910,1000,265105,44,11,23.20452069663945,0.7284640014404431,1018.9443069975823,172.293457309368
1744906876,74,,Aggregated,563.500000,0.200000,11,17,24,31,65,85,120,150,320,910,1000,265575,44,11,23.18922962333264,0.7284640014404431,1018.9443069975823,172.2753534783018
1744906877,73,,Aggregated,559.700000,0.200000,11,17,24,31,65,85,120,150,320,910,1000,266061,44,11,23.178164759283074,0.7284640014404431,1018.9443069975823,172.28818955051662
1744906878,72,,Aggregated,557.200000,0.200000,11,17,24,31,65,85,120,150,320,910,1000,266581,44,11,23.174826731502133,0.7284640014404431,1018.9443069975823,172.29666405332713
1744906879,71,,Aggregated,549.100000,0.200000,11,17,24,31,65,85,120,150,320,910,1000,267114,44,11,23.164987705667006,0.7284640014404431,1018.9443069975823,172.29883495436405
1744906880,70,,Aggregated,538.500000,0.200000,11,17,24,31,65,85,120,150,320,910,1000,267629,44,11,23.148090819408473,0.7284640014404431,1018.9443069975823,172.28669165150265
1744906881,69,,Aggregated,531.300000,0.200000,11,17,24,31,65,85,120,150,320,910,1000,268086,44,11,23.138288845745112,0.7284640014404431,1018.9443069975823,172.2753855106197
1744906882,68,,Aggregated,522.100000,0.000000,11,17,24,31,65,85,120,150,320,910,1000,268531,44,11,23.1266018475646,0.7284640014404431,1018.9443069975823,172.29719101332807
1744906883,67,,Aggregated,519.400000,0.000000,11,17,24,31,65,85,120,150,320,910,1000,268998,44,11,23.11844906936279,0.7284640014404431,1018.9443069975823,172.28431809901932
1744906884,66,,Aggregated,513.600000,0.000000,11,17,24,31,65,85,120,150,320,910,1000,269473,44,11,23.11637402116905,0.7284640014404431,1018.9443069975823,172.3023308457619
1744906885,65,,Aggregated,508.400000,0.000000,11,17,23,31,65,85,120,150,320,910,1000,269965,44,11,23.108684738112494,0.7284640014404431,1018.9443069975823,172.29384549849055
1744906886,64,,Aggregated,499.300000,0.000000,11,17,23,31,65,85,120,150,320,910,1000,270415,44,11,23.096293548104153,0.7284640014404431,1018.9443069975823,172.29765360649372
1744906887,63,,Aggregated,488.300000,0.000000,10,17,23,31,65,85,120,150,320,910,1000,270838,44,10,23.083513995519574,0.7284640014404431,1018.9443069975823,172.29500660911688
1744906888,62,,Aggregated,483.400000,0.000000,10,17,23,31,65,85,120,150,320,910,1000,271261,44,10,23.075853610771354,0.7284640014404431,1018.9443069975823,172.29537604005
1744906889,61,,Aggregated,480.100000,0.000000,10,17,23,31,65,85,120,150,320,910,1000,271701,46,10,23.064714853251783,0.7284640014404431,1018.9443069975823,172.29481672868337
1744906891,60,,Aggregated,466.200000,0.000000,10,17,23,31,65,85,120,150,320,910,1000,272148,46,10,23.053427565928555,0.7284640014404431,1018.9443069975823,172.29625424401428
1744906892,59,,Aggregated,458.200000,0.200000,10,17,23,31,65,85,120,150,320,910,1000,272542,46,10,23.042067730009787,0.7284640014404431,1018.9443069975823,172.28115299660237
1744906893,58,,Aggregated,449.600000,0.200000,10,17,23,31,65,85,120,150,320,910,1000,272934,46,10,23.033374541402864,0.7284640014404431,1018.9443069975823,172.29608989719125
1744906894,57,,Aggregated,442.400000,0.200000,10,17,23,31,65,85,120,150,320,910,1000,273367,46,10,23.02391603016185,0.7284640014404431,1018.9443069975823,172.29597939765955
1744906895,56,,Aggregated,437.900000,0.200000,10,17,23,31,65,85,120,150,320,910,1000,273797,46,10,23.01537463248784,0.7284640014404431,1018.9443069975823,172.3011501221708
1744906896,55,,Aggregated,436.600000,0.200000,10,17,23,31,65,85,120,150,320,910,1000,274208,46,10,23.00199509194603,0.7284640014404431,1018.9443069975823,172.2970810479636
1744906897,54,,Aggregated,431.100000,0.200000,10,17,23,31,65,85,120,150,320,910,1000,274569,46,10,22.990092467271793,0.7284640014404431,1018.9443069975823,172.2892934016586
1744906898,53,,Aggregated,422.700000,0.200000,10,17,23,31,65,85,120,150,320,910,1000,274916,46,10,22.97997903169082,0.7284640014404431,1018.9443069975823,172.2958249065169
1744906899,52,,Aggregated,411.600000,0.200000,10,17,23,31,65,85,120,150,320,910,1000,275287,46,10,22.968446177277947,0.7284640014404431,1018.9443069975823,172.29827416478076
1744906900,51,,Aggregated,405.600000,0.200000,10,16,23,30,65,85,120,150,320,910,1000,275663,46,10,22.956525249718958,0.7284640014404431,1018.9443069975823,172.29534975676822
1744906901,50,,Aggregated,400.400000,0.200000,10,16,23,30,65,85,120,150,320,910,1000,276016,46,10,22.943356106947586,0.7272959992405958,1018.9443069975823,172.30264549881167
1744906902,49,,Aggregated,393.100000,0.000000,10,16,23,30,65,85,120,150,320,910,1000,276386,47,10,22.929863120007422,0.7272959992405958,1018.9443069975823,172.298517291035
1744906903,48,,Aggregated,387.200000,0.000000,10,16,23,30,65,85,120,150,320,910,1000,276737,47,10,22.925271024042285,0.7272959992405958,1018.9443069975823,172.29538153553736
1744906904,47,,Aggregated,383.900000,0.100000,10,16,23,30,65,85,120,150,320,910,1000,277081,47,10,22.917319299704275,0.7272959992405958,1018.9443069975823,172.2999086909604
1744906905,46,,Aggregated,379.200000,0.100000,10,16,23,30,65,85,120,150,320,910,1000,277407,47,10,22.90679056547349,0.7272959992405958,1018.9443069975823,172.2899097715631
1744906906,45,,Aggregated,368.900000,0.100000,10,16,23,30,65,85,120,150,320,910,1000,277724,47,10,22.899382413051466,0.7272959992405958,1018.9443069975823,172.30295545217555
1744906907,44,,Aggregated,357.900000,0.100000,10,16,23,30,65,85,120,150,320,910,1000,278032,47,10,22.891004167741016,0.7272959992405958,1018.9443069975823,172.2974873395868
1744906908,43,,Aggregated,349.300000,0.100000,10,16,23,30,65,85,120,150,320,910,1000,278338,47,10,22.88140226280032,0.7272959992405958,1018.9443069975823,172.29331963296423
1744906909,42,,Aggregated,345.700000,0.100000,10,16,23,30,65,85,120,150,320,910,1000,278633,47,10,22.87350859320776,0.7272959992405958,1018.9443069975823,172.29762447377016
1744906910,41,,Aggregated,339.800000,0.100000,10,16,23,30,65,85,120,150,320,910,1000,278936,47,10,22.863928816349507,0.7272959992405958,1018.9443069975823,172.29859896176902
1744906911,40,,Aggregated,334.300000,0.100000,10,16,23,30,65,85,120,150,320,910,1000,279208,47,10,22.855151405587577,0.7272959992405958,1018.9443069975823,172.2880755565743
1744906912,39,,Aggregated,325.600000,0.100000,10,16,23,30,65,85,120,150,320,910,1000,279461,47,10,22.84779611049956,0.7272959992405958,1018.9443069975823,172.2969323089805
1744906913,38,,Aggregated,325.600000,0.100000,10,16,23,30,65,85,120,150,320,910,1000,279745,47,10,22.844453529051044,0.7272959992405958,1018.9443069975823,172.3063754490697
1744906914,37,,Aggregated,308.000000,0.000000,10,16,23,30,65,85,120,150,320,910,1000,280039,47,10,22.845152156097978,0.7272959992405958,1018.9443069975823,172.30789282921307
1744906915,36,,Aggregated,302.800000,0.000000,10,16,23,30,65,85,120,150,320,910,1000,280302,47,10,22.836340085302588,0.7272959992405958,1018.9443069975823,172.29398648600437
1744906916,35,,Aggregated,295.600000,0.000000,10,16,23,30,65,85,120,150,320,910,1000,280545,47,10,22.834642214626587,0.7272959992405958,1018.9443069975823,172.30392272184497
1744906917,34,,Aggregated,287.700000,0.000000,10,16,23,30,65,85,120,150,320,910,1000,280782,47,10,22.829649007594515,0.7272959992405958,1018.9443069975823,172.29816369995228
1744906918,33,,Aggregated,279.900000,0.000000,10,16,23,30,65,85,120,150,320,910,1000,280994,47,10,22.823816241675612,0.7272959992405958,1018.9443069975823,172.3001629928041
1744906919,32,,Aggregated,272.100000,0.000000,10,16,23,30,65,85,120,150,320,910,1000,281228,47,10,22.816313415433044,0.7272959992405958,1018.9443069975823,172.30696801172002
1744906920,31,,Aggregated,265.300000,0.000000,10,16,23,30,65,85,120,150,320,910,1000,281451,49,10,22.809781940317833,0.7272959992405958,1018.9443069975823,172.292320865799
1744906921,30,,Aggregated,256.300000,0.000000,10,16,23,30,65,85,120,150,320,910,1000,281648,49,10,22.807259377884453,0.7272959992405958,1018.9443069975823,172.2899399250128
1744906922,29,,Aggregated,250.800000,0.200000,10,16,23,30,65,85,120,150,320,910,1000,281854,49,10,22.803738289520023,0.7272959992405958,1018.9443069975823,172.29840271913827
1744906923,28,,Aggregated,246.500000,0.200000,10,16,23,30,65,85,120,150,320,910,1000,282067,49,10,22.797501749646262,0.7272959992405958,1018.9443069975823,172.29639057387075
1744906924,27,,Aggregated,239.100000,0.200000,10,16,23,30,65,85,120,150,320,910,1000,282270,49,10,22.790280598304502,0.7272959992405958,1018.9443069975823,172.29888404718886
1744906925,26,,Aggregated,228.700000,0.200000,10,16,23,30,65,85,120,150,320,910,1000,282461,49,10,22.784545872182047,0.7272959992405958,1018.9443069975823,172.29233770325814
1744906926,25,,Aggregated,222.200000,0.200000,10,16,23,30,65,85,120,150,320,910,1000,282629,49,10,22.78057945481328,0.7272959992405958,1018.9443069975823,172.29253544399194
1744906927,24,,Aggregated,216.300000,0.200000,10,16,23,30,65,85,120,150,320,910,1000,282795,49,10,22.777078895381887,0.7272959992405958,1018.9443069975823,172.29723651408264
1744906928,23,,Aggregated,210.600000,0.200000,10,16,23,30,65,85,120,150,320,910,1000,282969,49,10,22.771039794353857,0.7272959992405958,1018.9443069975823,172.3019412020398
1744906929,22,,Aggregated,205.000000,0.200000,10,16,23,30,65,85,120,150,320,910,1000,283130,49,10,22.764872625078542,0.7272959992405958,1018.9443069975823,172.29455373856533
1744906930,21,,Aggregated,196.700000,0.200000,10,16,23,30,65,85,120,150,320,910,1000,283265,49,10,22.760490297020638,0.7272959992405958,1018.9443069975823,172.29492171641397
1744906931,20,,Aggregated,189.500000,0.200000,10,16,23,30,65,85,120,150,320,910,1000,283392,49,10,22.757258301252534,0.7272959992405958,1018.9443069975823,172.29935566282745
1744906932,19,,Aggregated,182.900000,0.000000,10,16,23,30,65,85,120,150,320,910,1000,283537,49,10,22.753589156817558,0.7272959992405958,1018.9443069975823,172.30258837470947
1744906933,18,,Aggregated,177.100000,0.000000,10,16,23,30,65,84,120,150,320,910,1000,283681,49,10,22.748453813553265,0.7272959992405958,1018.9443069975823,172.30275203485604
1744906934,17,,Aggregated,169.300000,0.000000,10,16,23,30,65,84,120,150,320,910,1000,283814,49,10,22.743826545951446,0.7272959992405958,1018.9443069975823,172.30065817753882
1744906935,16,,Aggregated,162.500000,0.000000,10,16,23,30,65,84,120,150,320,910,1000,283934,49,10,22.740968465321675,0.7272959992405958,1018.9443069975823,172.30079525523539
1744906936,15,,Aggregated,155.700000,0.000000,10,16,23,30,65,84,120,150,320,910,1000,284049,49,10,22.738400189659426,0.7272959992405958,1018.9443069975823,172.30316952356813
1744906937,14,,Aggregated,150.200000,0.000000,10,16,23,30,65,84,120,150,320,910,1000,284158,49,10,22.734906291019566,0.7272959992405958,1018.9443069975823,172.30105082383744
1744906938,13,,Aggregated,142.300000,0.000000,10,16,23,30,65,84,120,150,320,910,1000,284234,49,10,22.73390257636858,0.7272959992405958,1018.9443069975823,172.29217123919025
1744906939,12,,Aggregated,132.800000,0.000000,10,16,23,30,65,84,120,150,320,910,1000,284298,49,10,22.74024502240446,0.7272959992405958,1018.9443069975823,172.30284419869292
1744906940,11,,Aggregated,126.200000,0.000000,10,16,23,30,65,84,120,150,320,910,1000,284379,49,10,22.737416897627863,0.7272959992405958,1018.9443069975823,172.29906216703765
1744906941,10,,Aggregated,121.400000,0.000000,10,16,23,30,65,84,120,150,320,910,1000,284449,49,10,22.735583292606044,0.7272959992405958,1018.9443069975823,172.30362209042747
1744906942,9,,Aggregated,114.100000,0.000000,10,16,23,30,65,84,120,150,320,910,1000,284521,49,10,22.733157003104996,0.7272959992405958,1018.9443069975823,172.30370341732245
1744906943,8,,Aggregated,105.300000,0.000000,10,16,23,30,65,84,120,150,320,910,1000,284585,49,10,22.731707502164376,0.7272959992405958,1018.9443069975823,172.30377567334892
1744906944,7,,Aggregated,98.500000,0.000000,10,16,23,30,65,84,120,150,320,910,1000,284638,49,10,22.729503249613398,0.7272959992405958,1018.9443069975823,172.30159711633723
1744906945,6,,Aggregated,90.700000,0.000000,10,16,23,30,65,84,120,150,320,910,1000,284681,49,10,22.728036114041533,0.7272959992405958,1018.9443069975823,172.30388399647325
1744906946,5,,Aggregated,82.400000,0.000000,10,16,23,30,65,84,120,150,320,910,1000,284718,49,10,22.726465086311524,0.7272959992405958,1018.9443069975823,172.3016879860072
1744906947,4,,Aggregated,75.500000,0.000000,10,16,23,30,65,84,120,150,320,910,1000,284750,49,10,22.72541309338183,0.7272959992405958,1018.9443069975823,172.30172431957857
1744906948,3,,Aggregated,68.300000,0.000000,10,16,23,30,65,84,120,150,320,910,1000,284771,49,10,22.72454150682651,0.7272959992405958,1018.9443069975823,172.29951083502183
1744906949,2,,Aggregated,63.200000,0.000000,10,16,23,30,65,84,120,150,320,910,1000,284782,49,10,22.724333874990364,0.7272959992405958,1018.9443069975823,172.3017606449846
1744906950,1,,Aggregated,63.200000,0.000000,10,16,23,30,65,84,120,150,320,910,1000,284790,49,10,22.724027299773585,0.7272959992405958,1018.9443069975823,172.30176972506058
1744906951,1,,Aggregated,58.000000,0.000000,10,16,23,30,65,84,120,150,320,910,1000,284798,49,10,22.723797869892074,0.7272959992405958,1018.9443069975823,172.30177880462642
1744906952,1,,Aggregated,49.300000,0.000000,10,16,23,30,65,84,120,150,320,910,1000,284806,49,10,22.723528180875842,0.7272959992405958,1018.9443069975823,172.30178788368224
1744906953,1,,Aggregated,42.400000,0.000000,10,16,23,30,65,84,120,150,320,910,1000,284814,49,10,22.723290364706504,0.7272959992405958,1018.9443069975823,172.30179696222797
1744906954,1,,Aggregated,36.000000,0.000000,10,16,23,30,65,84,120,150,320,910,1000,284822,49,10,22.722994201878805,0.7272959992405958,1018.9443069975823,172.30180604026376
1744906955,1,,Aggregated,25.000000,0.000000,10,16,23,30,65,84,120,150,320,910,1000,284830,49,10,22.722828315189798,0.7272959992405958,1018.9443069975823,172.30181511778954
1744906956,1,,Aggregated,20.800000,0.000000,10,16,23,30,65,84,120,150,320,910,1000,284838,49,10,22.72264632262025,0.7272959992405958,1018.9443069975823,172.30182419480548
1744906957,1,,Aggregated,15.800000,0.000000,10,16,23,30,65,84,120,150,320,910,1000,284846,49,10,22.722413586216767,0.7272959992405958,1018.9443069975823,172.30183327131152
1744906958,1,,Aggregated,13.100000,0.000000,10,16,23,30,65,84,120,150,320,910,1000,284851,49,10,22.722114082824003,0.7272959992405958,1018.9443069975823,172.2996022481929
1744906959,1,,Aggregated,13.100000,0.000000,10,16,23,30,65,84,120,150,320,910,1000,284854,49,10,22.722258872908608,0.7272959992405958,1018.9443069975823,172.30184234730774
1744906960,1,,Aggregated,11.200000,0.000000,10,16,23,30,65,84,120,150,320,910,1000,284862,49,10,22.722031040330123,0.7272959992405958,1018.9443069975823,172.3018514227942
1744906961,1,,Aggregated,8.800000,0.000000,10,16,23,30,65,84,120,150,320,910,1000,284870,49,10,22.721747392099985,0.7272959992405958,1018.9443069975823,172.30186049777092
1744906962,1,,Aggregated,8.000000,0.000000,10,16,23,30,65,84,120,150,320,910,1000,284878,49,10,22.72148203863592,0.7272959992405958,1018.9443069975823,172.30186957223793
1744906963,1,,Aggregated,7.200000,0.000000,10,16,23,30,65,84,120,150,320,910,1000,284886,49,10,22.721435151202616,0.7272959992405958,1018.9443069975823,172.30187864619532
1744906964,1,,Aggregated,7.200000,0.000000,10,16,23,30,65,84,120,150,320,910,1000,284894,49,10,22.721164191543213,0.7272959992405958,1018.9443069975823,172.3018877196431
1744906965,1,,Aggregated,6.900000,0.000000,10,16,23,30,65,84,120,150,320,910,1000,284902,49,10,22.720897421448488,0.7272959992405958,1018.9443069975823,172.30189679258132
1744906966,1,,Aggregated,6.400000,0.000000,10,16,23,30,65,84,120,150,320,910,1000,284910,49,10,22.720678986741536,0.7272959992405958,1018.9443069975823,172.30190586501
1744906967,1,,Aggregated,7.100000,0.000000,10,16,23,30,65,84,120,150,320,910,1000,284918,49,10,22.720439301337745,0.7272959992405958,1018.9443069975823,172.30191493692922
1744906968,1,,Aggregated,7.200000,0.000000,10,16,23,30,65,84,120,150,320,910,1000,284923,49,10,22.720133290146975,0.7272959992405958,1018.9443069975823,172.29968447615673
1744906969,1,,Aggregated,7.200000,0.000000,10,16,23,30,65,84,120,150,320,910,1000,284926,49,10,22.720229536077944,0.7272959992405958,1018.9443069975823,172.301924008339
1744906970,1,,Aggregated,7.200000,0.000000,10,16,23,30,65,84,120,150,320,910,1000,284934,49,10,22.720008412620295,0.7272959992405958,1018.9443069975823,172.3019330792394
1744906971,1,,Aggregated,7.200000,0.000000,10,16,23,30,65,84,120,150,320,910,1000,284942,49,10,22.719776474930136,0.7272959992405958,1018.9443069975823,172.30194214963046
1744906972,1,,Aggregated,7.200000,0.000000,10,16,23,30,65,84,120,150,320,910,1000,284950,49,10,22.719486756660984,0.7272959992405958,1018.9443069975823,172.3019512195122
1744906973,1,,Aggregated,7.200000,0.000000,10,16,23,30,65,84,120,150,320,910,1000,284958,49,10,22.719225388701307,0.7272959992405958,1018.9443069975823,172.3019602888847
1744906974,1,,Aggregated,7.200000,0.000000,10,16,23,30,65,84,120,150,320,910,1000,284966,49,10,22.71890458922307,0.7272959992405958,1018.9443069975823,172.30196935774794
1744906975,1,,Aggregated,7.200000,0.000000,10,16,23,30,65,84,120,150,320,910,1000,284974,49,10,22.7186686427658,0.7272959992405958,1018.9443069975823,172.30197842610204
1744906976,1,,Aggregated,7.200000,0.000000,10,16,23,30,65,84,120,150,320,910,1000,284982,49,10,22.718412062904115,0.7272959992405958,1018.9443069975823,172.301987493947
1744906977,1,,Aggregated,7.200000,0.000000,10,16,23,30,65,84,120,150,320,910,1000,284990,49,10,22.71818569145774,0.7272959992405958,1018.9443069975823,172.30199656128286
1744906978,1,,Aggregated,7.200000,0.000000,10,16,23,30,65,84,120,150,320,910,1000,284998,49,10,22.718033126458955,0.7272959992405958,1018.9443069975823,172.30200562810967
1744906979,1,,Aggregated,7.200000,0.000000,10,16,23,30,65,84,120,150,320,910,1000,284999,49,10,22.717964178592037,0.7272959992405958,1018.9443069975823,172.30140105754757
1744906980,1,,Aggregated,7.200000,0.000000,10,16,23,30,65,84,120,150,320,910,1000,285006,49,10,22.71779301075965,0.7272959992405958,1018.9443069975823,172.3020146944275
1744906981,1,,Aggregated,7.200000,0.000000,10,16,23,30,65,84,120,150,320,910,1000,285014,49,10,22.717497974234817,0.7272959992405958,1018.9443069975823,172.30202376023635
1744906982,1,,Aggregated,7.200000,0.000000,10,16,23,30,65,84,120,150,320,910,1000,285022,49,10,22.717271605958736,0.7272959992405958,1018.9443069975823,172.3020328255363
1744906983,1,,Aggregated,7.200000,0.000000,10,16,23,30,65,84,120,150,320,910,1000,285030,49,10,22.717026635749097,0.7272959992405958,1018.9443069975823,172.30204189032733
1744906984,1,,Aggregated,7.200000,0.000000,10,16,23,30,65,84,120,150,320,910,1000,285038,49,10,22.716744917135863,0.7272959992405958,1018.9443069975823,172.30205095460957
1744906985,1,,Aggregated,7.200000,0.000000,10,16,23,30,65,84,120,150,320,910,1000,285046,49,10,22.716478293940572,0.7272959992405958,1018.9443069975823,172.302060018383
1744906986,1,,Aggregated,7.200000,0.000000,10,16,23,30,65,84,120,150,320,910,1000,285054,49,10,22.716251051311612,0.7272959992405958,1018.9443069975823,172.3020690816477
1744906987,1,,Aggregated,7.200000,0.000000,10,16,23,30,65,84,120,150,320,910,1000,285062,49,10,22.715959739406095,0.7272959992405958,1018.9443069975823,172.30207814440368
1744906988,1,,Aggregated,7.200000,0.000000,10,16,23,30,65,84,120,150,320,910,1000,285070,49,10,22.71572886444231,0.7272959992405958,1018.9443069975823,172.302087206651
1744906989,1,,Aggregated,7.200000,0.000000,10,16,23,30,65,84,120,150,320,910,1000,285075,49,10,22.715415176748465,0.7272959992405958,1018.9443069975823,172.29985793212313
1744906990,1,,Aggregated,7.200000,0.000000,10,16,23,30,65,84,120,150,320,910,1000,285078,49,10,22.715458978064127,0.7272959992405958,1018.9443069975823,172.3020962683897
1744906991,1,,Aggregated,7.200000,0.000000,10,16,23,30,65,84,120,150,320,910,1000,285086,49,10,22.715179914298,0.7272959992405958,1018.9443069975823,172.30210532961982
1744906992,1,,Aggregated,7.200000,0.000000,10,16,23,30,65,84,120,150,320,910,1000,285094,49,10,22.714909450271033,0.7272959992405958,1018.9443069975823,172.30211439034144
1744906993,1,,Aggregated,7.200000,0.000000,10,16,23,30,65,84,120,150,320,910,1000,285102,49,10,22.714608333773732,0.7272959992405958,1018.9443069975823,172.30212345055455
1744906994,1,,Aggregated,7.200000,0.000000,10,16,23,30,65,84,120,150,320,910,1000,285110,49,10,22.714280707602498,0.7272959992405958,1018.9443069975823,172.30213251025918
1744906995,1,,Aggregated,7.200000,0.000000,10,16,23,30,65,84,120,150,320,910,1000,285118,49,10,22.713966388570846,0.7272959992405958,1018.9443069975823,172.30214156945544
1744906996,1,,Aggregated,7.200000,0.000000,10,16,23,30,65,84,120,150,320,910,1000,285126,49,10,22.713721731453994,0.7272959992405958,1018.9443069975823,172.30215062814335
1744906997,1,,Aggregated,7.200000,0.000000,10,16,23,30,65,84,120,150,320,910,1000,285134,49,10,22.7134672935586,0.7272959992405958,1018.9443069975823,172.3021596863229
1744906998,1,,Aggregated,7.200000,0.000000,10,16,23,30,65,84,120,150,320,910,1000,285142,49,10,22.713221969504815,0.7272959992405958,1018.9443069975823,172.30216874399423
1744906999,1,,Aggregated,7.200000,0.000000,10,16,23,30,65,84,120,150,320,910,1000,285150,49,10,22.71308837910067,0.7272959992405958,1018.9443069975823,172.30217780115728
1744907000,1,,Aggregated,7.200000,0.000000,10,16,23,30,65,84,120,150,320,910,1000,285155,49,10,22.712779027218737,0.7272959992405958,1018.9443069975823,172.29994915046203
1744907001,1,,Aggregated,7.200000,0.000000,10,16,23,30,65,84,120,150,320,910,1000,285158,49,10,22.712820042329373,0.7272959992405958,1018.9443069975823,172.30218685781216
1744907002,1,,Aggregated,7.200000,0.000000,10,16,23,30,65,84,120,150,320,910,1000,285166,49,10,22.712532413000083,0.7272959992405958,1018.9443069975823,172.30219591395888
1744907003,1,,Aggregated,7.200000,0.000000,10,16,23,30,65,84,120,150,320,910,1000,285174,49,10,22.712288416007695,0.7272959992405958,1018.9443069975823,172.3022049695975
1744907004,1,,Aggregated,7.200000,0.000000,10,16,23,30,65,84,120,150,320,910,1000,285182,49,10,22.71202234919653,0.7272959992405958,1018.9443069975823,172.30221402472807
1744907005,1,,Aggregated,7.200000,0.000000,10,16,23,30,65,84,120,150,320,910,1000,285190,49,10,22.711711059530717,0.7272959992405958,1018.9443069975823,172.3022230793506
1744907006,1,,Aggregated,7.200000,0.000000,10,16,23,30,65,84,120,150,320,910,1000,285198,49,10,22.711525543936393,0.7272959992405958,1018.9443069975823,172.30223213346517
1744907007,1,,Aggregated,7.200000,0.000000,10,16,23,30,65,84,120,150,320,910,1000,285206,49,10,22.71126542772446,0.7272959992405958,1018.9443069975823,172.30224118707181
1744907008,1,,Aggregated,7.200000,0.000000,10,16,23,30,65,84,120,150,320,910,1000,285214,49,10,22.711001593314396,0.7272959992405958,1018.9443069975823,172.30225024017054
1744907009,1,,Aggregated,7.200000,0.000000,10,16,23,30,65,84,120,150,320,910,1000,285222,49,10,22.71074623288022,0.7272959992405958,1018.9443069975823,172.30225929276142
1744907010,1,,Aggregated,7.200000,0.000000,10,16,23,30,65,84,120,150,320,910,1000,285230,49,10,22.71052724415936,0.7272959992405958,1018.9443069975823,172.30226834484452
1744907011,1,,Aggregated,7.200000,0.000000,10,16,23,30,65,84,120,150,320,910,1000,285235,49,10,22.710219446030756,0.7272959992405958,1018.9443069975823,172.30004031763283
1744907012,1,,Aggregated,7.200000,0.000000,10,16,23,30,65,84,120,150,320,910,1000,285238,49,10,22.71028540641704,0.7272959992405958,1018.9443069975823,172.30227739641984
1744907013,1,,Aggregated,7.200000,0.000000,10,16,23,30,65,84,120,150,320,910,1000,285246,49,10,22.710067145168026,0.7272959992405958,1018.9443069975823,172.30228644748743
1744907014,1,,Aggregated,7.200000,0.000000,10,16,23,30,65,84,120,150,320,910,1000,285254,49,10,22.709816449362968,0.7272959992405958,1018.9443069975823,172.30229549804736
1744907015,1,,Aggregated,7.200000,0.000000,10,16,23,30,65,84,120,150,320,910,1000,285262,49,10,22.709593567834435,0.7272959992405958,1018.9443069975823,172.30230454809964
1744907016,1,,Aggregated,7.200000,0.000000,10,16,23,30,65,84,120,150,320,910,1000,285270,49,10,22.709365335585893,0.7272959992405958,1018.9443069975823,172.30231359764434
1744907017,1,,Aggregated,7.200000,0.000000,10,16,23,30,65,84,120,150,320,910,1000,285278,49,10,22.709054650139823,0.7272959992405958,1018.9443069975823,172.3023226466815
1744907018,1,,Aggregated,7.200000,0.000000,10,16,23,30,65,84,120,150,320,910,1000,285286,49,10,22.708790552381085,0.7272959992405958,1018.9443069975823,172.3023316952111
1744907019,1,,Aggregated,7.200000,0.000000,10,16,23,30,65,84,120,150,320,910,1000,285294,49,10,22.708487932321066,0.7272959992405958,1018.9443069975823,172.3023407432333
1744907020,1,,Aggregated,7.200000,0.000000,10,16,23,30,65,84,120,150,320,910,1000,285302,49,10,22.708266310721932,0.7272959992405958,1018.9443069975823,172.30234979074805
1744907021,1,,Aggregated,7.200000,0.000000,10,16,23,30,65,84,120,150,320,910,1000,285307,49,10,22.70797285349673,0.7272959992405958,1018.9443069975823,172.3001223243734
1744907022,1,,Aggregated,7.200000,0.000000,10,16,23,30,65,84,120,150,320,910,1000,285310,49,10,22.7082394297732,0.7272959992405958,1018.9443069975823,172.30235883775543
1744907023,1,,Aggregated,7.200000,0.000000,10,16,23,30,65,84,120,150,320,910,1000,285318,49,10,22.707985219676225,0.7272959992405958,1018.9443069975823,172.30236788425546
1744907025,1,,Aggregated,6.900000,0.000000,10,16,23,30,65,84,120,150,320,910,1000,285326,49,10,22.70768914322065,0.7272959992405958,1018.9443069975823,172.30237693024822
1744907026,1,,Aggregated,6.700000,0.000000,10,16,23,30,65,84,120,150,320,910,1000,285334,49,10,22.707434086048547,0.7272959992405958,1018.9443069975823,172.3023859757337
1744907027,1,,Aggregated,7.200000,0.000000,10,16,23,30,65,84,120,150,320,910,1000,285342,49,10,22.707198130210674,0.7272959992405958,1018.9443069975823,172.302395020712
1744907028,1,,Aggregated,7.200000,0.000000,10,16,23,30,65,84,120,150,320,910,1000,285350,49,10,22.707067658281307,0.7272959992405958,1018.9443069975823,172.3024040651831
1744907029,1,,Aggregated,7.200000,0.000000,10,16,23,30,65,84,120,150,320,910,1000,285358,49,10,22.706828417407472,0.7272959992405958,1018.9443069975823,172.3024131091471
1744907030,1,,Aggregated,7.200000,0.000000,10,16,23,30,65,84,120,150,320,910,1000,285366,49,10,22.70654252133594,0.7272959992405958,1018.9443069975823,172.30242215260404
1744907031,1,,Aggregated,7.200000,0.000000,10,16,23,30,65,84,120,150,320,910,1000,285374,49,10,22.706269318671428,0.7272959992405958,1018.9443069975823,172.3024311955539
1744907032,1,,Aggregated,7.200000,0.000000,10,16,23,30,65,84,120,150,320,910,1000,285379,49,10,22.705951153576613,0.7272959992405958,1018.9443069975823,172.300204289734
1744907033,1,,Aggregated,7.200000,0.000000,10,16,23,30,65,84,120,150,320,910,1000,285382,49,10,22.706007343089432,0.7272959992405958,1018.9443069975823,172.3024402379968
1744907034,1,,Aggregated,7.200000,0.000000,10,16,23,30,65,84,120,150,320,910,1000,285390,49,10,22.705759332904233,0.7272959992405958,1018.9443069975823,172.30244927993272
1744907035,1,,Aggregated,7.200000,0.000000,10,16,23,30,65,84,120,150,320,910,1000,285398,49,10,22.70548199540832,0.7272959992405958,1018.9443069975823,172.30245832136174
1744907036,1,,Aggregated,7.200000,0.000000,10,16,23,30,65,84,120,150,320,910,1000,285406,49,10,22.705168205933127,0.7272959992405958,1018.9443069975823,172.3024673622839
1744907037,1,,Aggregated,7.200000,0.000000,10,16,23,30,65,84,120,150,320,910,1000,285414,49,10,22.70489075024546,0.7272959992405958,1018.9443069975823,172.30247640269923
1744907038,1,,Aggregated,7.200000,0.000000,10,16,23,30,65,84,120,150,320,910,1000,285422,49,10,22.704584351145183,0.7272959992405958,1018.9443069975823,172.30248544260778
1744907039,1,,Aggregated,7.200000,0.000000,10,16,23,30,65,84,120,150,320,910,1000,285430,49,10,22.704254758086222,0.7272959992405958,1018.9443069975823,172.3024944820096
1744907040,1,,Aggregated,7.200000,0.000000,10,16,23,30,65,84,120,150,320,910,1000,285438,49,10,22.703949582145864,0.7272959992405958,1018.9443069975823,172.3025035209047
1744907041,1,,Aggregated,7.200000,0.000000,10,16,23,30,65,84,120,150,320,910,1000,285446,49,10,22.703920646421953,0.7272959992405958,1018.9443069975823,172.30251255929318
1744907042,1,,Aggregated,7.200000,0.000000,10,16,23,30,65,84,120,150,320,910,1000,285454,49,10,22.703609420153718,0.7272959992405958,1018.9443069975823,172.30252159717503
1744907043,1,,Aggregated,7.200000,0.000000,10,16,23,30,65,84,120,150,320,910,1000,285460,49,10,22.703450289927005,0.7272959992405958,1018.9443069975823,172.3036887830169
1744907044,1,,Aggregated,7.200000,0.000000,10,16,23,30,65,84,120,150,320,910,1000,285462,49,10,22.703348592262937,0.7272959992405958,1018.9443069975823,172.3025306345503
1744907045,1,,Aggregated,7.200000,0.000000,10,16,23,30,65,84,120,150,320,910,1000,285470,49,10,22.70301072538116,0.7272959992405958,1018.9443069975823,172.30253967141905
1744907046,1,,Aggregated,7.200000,0.000000,10,16,23,30,65,84,120,150,320,910,1000,285478,49,10,22.702737481674795,0.7272959992405958,1018.9443069975823,172.30254870778134
1744907047,1,,Aggregated,7.200000,0.000000,10,16,23,30,65,84,120,150,320,910,1000,285486,49,10,22.702480746031522,0.7272959992405958,1018.9443069975823,172.30255774363715
1744907048,1,,Aggregated,7.200000,0.000000,10,16,23,30,65,84,120,150,320,910,1000,285494,49,10,22.7021716553362,0.7272959992405958,1018.9443069975823,172.3025667789866
1744907049,1,,Aggregated,7.200000,0.000000,10,16,23,30,65,84,120,150,320,910,1000,285502,49,10,22.70191847211427,0.7272959992405958,1018.9443069975823,172.30257581382966
1744907050,1,,Aggregated,7.200000,0.000000,10,16,23,30,65,84,120,150,320,910,1000,285510,49,10,22.701674200579937,0.7272959992405958,1018.9443069975823,172.30258484816645
1744907051,1,,Aggregated,7.200000,0.000000,10,16,23,30,65,84,120,150,320,910,1000,285518,49,10,22.701441029684908,0.7272959992405958,1018.9443069975823,172.30259388199693
1744907052,1,,Aggregated,7.200000,0.000000,10,16,23,30,65,84,120,150,320,910,1000,285526,49,10,22.701179074625728,0.7272959992405958,1018.9443069975823,172.3026029153212
1744907053,1,,Aggregated,7.200000,0.000000,10,16,23,30,65,84,120,150,320,910,1000,285534,49,10,22.70086752895829,0.7272959992405958,1018.9443069975823,172.3026119481393
1744907054,1,,Aggregated,7.200000,0.000000,10,16,23,30,65,84,120,150,320,910,1000,285542,49,10,22.700565066997413,0.7272959992405958,1018.9443069975823,172.30262098045122
1744907055,1,,Aggregated,7.200000,0.000000,10,16,23,30,65,84,120,150,320,910,1000,285547,49,10,22.70025038477582,0.7272959992405958,1018.9443069975823,172.30039538149586
1744907056,1,,Aggregated,7.200000,0.000000,10,16,23,30,65,84,120,150,320,910,1000,285550,49,10,22.700343335354894,0.7272959992405958,1018.9443069975823,172.30263001225705
1744907057,1,,Aggregated,7.200000,0.000000,10,16,23,30,65,84,120,150,320,910,1000,285558,49,10,22.700056124351562,0.7272959992405958,1018.9443069975823,172.30263904355684
1744907058,1,,Aggregated,7.200000,0.000000,10,16,23,30,65,84,120,150,320,910,1000,285566,49,10,22.699847647463535,0.7272959992405958,1018.9443069975823,172.3026480743506
1744907059,1,,Aggregated,7.200000,0.000000,10,16,23,30,65,84,120,150,320,910,1000,285574,49,10,22.6995932283141,0.7272959992405958,1018.9443069975823,172.30265710463837
1744907060,1,,Aggregated,7.200000,0.000000,10,16,23,30,65,84,120,150,320,910,1000,285582,49,10,22.699316005145878,0.7272959992405958,1018.9443069975823,172.30266613442024
1744907061,1,,Aggregated,7.200000,0.000000,10,16,23,30,65,84,120,150,320,910,1000,285590,49,10,22.699031653816863,0.7272959992405958,1018.9443069975823,172.30267516369622
1744907062,1,,Aggregated,7.200000,0.000000,10,16,23,30,65,84,120,150,320,910,1000,285598,49,10,22.69869912945668,0.7272959992405958,1018.9443069975823,172.30268419246633
1744907063,1,,Aggregated,7.200000,0.000000,10,16,23,30,65,84,120,150,320,910,1000,285606,49,10,22.69840909037121,0.7272959992405958,1018.9443069975823,172.30269322073065
1744907064,1,,Aggregated,7.500000,0.000000,10,16,23,30,65,84,120,150,320,910,1000,285614,49,10,22.698133440806725,0.7272959992405958,1018.9443069975823,172.30270224848923
1744907065,1,,Aggregated,7.600000,0.000000,10,16,23,30,65,84,120,150,320,910,1000,285622,49,10,22.69791345115774,0.7272959992405958,1018.9443069975823,172.30271127574207
1744907066,1,,Aggregated,7.200000,0.000000,10,16,23,30,65,84,120,150,320,910,1000,285625,49,10,22.69773084268036,0.7272959992405958,1018.9443069975823,172.30129715536106
1744907067,1,,Aggregated,7.200000,0.000000,10,16,23,30,65,84,120,150,320,910,1000,285630,49,10,22.697622098818666,0.7272959992405958,1018.9443069975823,172.30272030248923
1744907068,1,,Aggregated,7.200000,0.000000,10,16,23,30,65,84,120,150,320,910,1000,285638,49,10,22.697390519673792,0.7272959992405958,1018.9443069975823,172.30272932873078
1744907069,1,,Aggregated,7.200000,0.000000,10,16,23,30,65,84,120,150,320,910,1000,285646,49,10,22.697148500814265,0.7272959992405958,1018.9443069975823,172.30273835446673
1744907070,1,,Aggregated,7.200000,0.000000,10,16,23,30,65,84,120,150,320,910,1000,285654,49,10,22.696928042809123,0.7272959992405958,1018.9443069975823,172.3027473796971
1744907071,1,,Aggregated,7.200000,0.000000,10,16,23,30,65,84,120,150,320,910,1000,285662,49,10,22.696663715452477,0.7272959992405958,1018.9443069975823,172.302756404422
1744907072,1,,Aggregated,7.200000,0.000000,10,16,23,30,65,84,120,150,320,910,1000,285670,49,10,22.69647574583114,0.7272959992405958,1018.9443069975823,172.30276542864144
1744907073,1,,Aggregated,7.200000,0.000000,10,16,23,30,65,84,120,150,320,910,1000,285678,49,10,22.696266530375357,0.7272959992405958,1018.9443069975823,172.30277445235544
1744907074,1,,Aggregated,7.100000,0.000000,10,16,23,30,65,84,120,150,320,910,1000,285686,49,10,22.696062388340902,0.7272959992405958,1018.9443069975823,172.30278347556407
1744907075,1,,Aggregated,6.800000,0.000000,10,16,23,30,65,84,120,150,320,910,1000,285694,49,10,22.695868079506628,0.7272959992405958,1018.9443069975823,172.30279249826737
1744907076,1,,Aggregated,7.200000,0.000000,10,16,23,30,65,84,120,150,320,910,1000,285697,49,10,22.695688646165564,0.7272959992405958,1018.9443069975823,172.30137873341337
1744907077,1,,Aggregated,7.200000,0.000000,10,16,23,30,65,84,120,150,320,910,1000,285702,49,10,22.695646594565506,0.7272959992405958,1018.9443069975823,172.30280152046538
1744907078,1,,Aggregated,7.200000,0.000000,10,16,23,30,65,84,120,150,320,910,1000,285710,49,10,22.695468261623866,0.7272959992405958,1018.9443069975823,172.30281054215814
1744907079,1,,Aggregated,7.200000,0.000000,10,16,23,30,65,84,120,150,320,910,1000,285718,49,10,22.69523464669205,0.7272959992405958,1018.9443069975823,172.30281956334568
1744907080,1,,Aggregated,7.200000,0.000000,10,16,23,30,65,84,120,150,320,910,1000,285726,49,10,22.695271045881597,0.7272959992405958,1018.9443069975823,172.30282858402805
1744907081,1,,Aggregated,7.200000,0.000000,10,16,23,30,65,84,120,150,320,910,1000,285734,49,10,22.695004791941326,0.7272959992405958,1018.9443069975823,172.3028376042053
1744907082,1,,Aggregated,7.200000,0.000000,10,16,23,30,65,84,120,150,320,910,1000,285742,49,10,22.694732999816488,0.7272959992405958,1018.9443069975823,172.30284662387749
1744907083,1,,Aggregated,6.900000,0.000000,10,16,23,30,65,84,120,150,320,910,1000,285750,49,10,22.694360003980943,0.7272959992405958,1018.9443069975823,172.3028556430446
1744907084,1,,Aggregated,6.500000,0.000000,10,16,23,30,65,84,120,150,320,910,1000,285758,49,10,22.694119930002138,0.7272959992405958,1018.9443069975823,172.30286466170676
1744907085,1,,Aggregated,7.200000,0.000000,10,16,23,30,65,84,120,150,320,910,1000,285766,49,10,22.69382354952847,0.7272959992405958,1018.9443069975823,172.30287367986395
1744907086,1,,Aggregated,7.200000,0.000000,10,16,23,30,65,84,120,150,320,910,1000,285771,49,10,22.69352208679521,0.7272959992405958,1018.9443069975823,172.30064982101052
1744907087,1,,Aggregated,7.200000,0.000000,10,16,23,30,65,84,120,150,320,910,1000,285774,49,10,22.693727345575713,0.7272959992405958,1018.9443069975823,172.30288269751622
1744907088,1,,Aggregated,7.200000,0.000000,10,16,23,30,65,84,120,150,320,910,1000,285782,49,10,22.693527740807834,0.7272959992405958,1018.9443069975823,172.30289171466362
1744907089,1,,Aggregated,7.200000,0.000000,10,16,23,30,65,84,120,150,320,910,1000,285790,49,10,22.69334248533729,0.7272959992405958,1018.9443069975823,172.3029007313062
1744907090,1,,Aggregated,7.200000,0.000000,10,16,23,30,65,84,120,150,320,910,1000,285798,49,10,22.69318491981941,0.7272959992405958,1018.9443069975823,172.302909747444
1744907091,0,,Aggregated,7.200000,0.000000,10,16,23,30,65,84,120,150,320,910,1000,285798,49,10,22.69318491981941,0.7272959992405958,1018.9443069975823,172.302909747444
1744907092,2,,Aggregated,6.900000,0.000000,10,16,23,30,65,84,120,150,320,910,1000,285814,49,10,22.692612618173182,0.7272959992405958,1018.9443069975823,172.3029277782054
1744907093,3,,Aggregated,6.700000,0.000000,10,16,23,30,65,84,120,150,320,910,1000,285838,49,10,22.69176303624621,0.7272959992405958,1018.9443069975823,172.3029548205627
1744907094,5,,Aggregated,7.200000,0.000000,10,16,23,30,65,84,120,150,320,910,1000,285878,49,10,22.69036357108485,0.7272959992405958,1018.9443069975823,172.30299988106816
1744907095,7,,Aggregated,8.800000,0.000000,10,16,23,30,65,84,120,150,320,910,1000,285932,49,10,22.688381606733763,0.7272959992405958,1018.9443069975823,172.30421918498104
1744907096,8,,Aggregated,11.200000,0.000000,10,16,23,30,65,84,120,150,320,910,1000,285990,49,10,22.687019071546672,0.7272959992405958,1018.9443069975823,172.30312598342599
1744907097,10,,Aggregated,15.200000,0.000000,10,16,23,30,65,84,120,150,320,910,1000,286070,50,10,22.684583465870517,0.7272959992405958,1018.9443069975823,172.30321599608487
1744907098,12,,Aggregated,20.200000,0.000000,10,16,23,30,65,84,120,150,320,910,1000,286163,50,10,22.682689602560753,0.7272959992405958,1018.9443069975823,172.30109413166622
1744907099,13,,Aggregated,25.600000,0.100000,10,16,23,30,65,84,120,150,320,910,1000,286255,50,10,22.681279803013464,0.7272959992405958,1018.9443069975823,172.30282091142513
1744907100,15,,Aggregated,32.600000,0.100000,10,16,23,30,65,84,120,150,320,910,1000,286374,50,10,22.67801481053655,0.7272959992405958,1018.9443069975823,172.303557585535
1744907101,17,,Aggregated,40.900000,0.100000,10,16,23,30,65,84,120,150,320,910,1000,286492,50,10,22.674490278547598,0.7272959992405958,1018.9443069975823,172.29722644960418
1744907102,19,,Aggregated,49.900000,0.100000,10,16,23,30,65,84,120,150,320,910,1000,286624,50,10,22.671062151559777,0.7272959992405958,1018.9443069975823,172.29939223512338
1744907103,20,,Aggregated,62.100000,0.100000,10,16,23,30,65,84,120,150,320,910,1000,286768,50,10,22.667517535309628,0.7272959992405958,1018.9443069975823,172.29955573843665
1744907104,22,,Aggregated,73.600000,0.100000,10,16,23,30,65,84,120,150,320,910,1000,286927,50,10,22.663780849280908,0.7272959992405958,1018.9443069975823,172.30033771656204
1744907105,24,,Aggregated,85.600000,0.100000,10,16,23,30,65,84,120,150,320,910,1000,287098,50,10,22.661815918284546,0.7272959992405958,1018.9443069975823,172.29912085768623
1744907106,25,,Aggregated,98.400000,0.100000,10,16,23,30,65,84,120,150,320,910,1000,287279,50,10,22.65737255049134,0.7272959992405958,1018.9443069975823,172.30073552191425
1744907107,27,,Aggregated,109.900000,0.100000,10,16,23,30,65,84,120,150,320,910,1000,287476,50,10,22.652945720410447,0.7272959992405958,1018.9443069975823,172.30197303427067
1744907108,29,,Aggregated,120.600000,0.100000,10,16,23,30,65,84,120,150,320,910,1000,287694,50,10,22.64854955234306,0.7272959992405958,1018.9443069975823,172.301754642085
1744907109,30,,Aggregated,133.400000,0.000000,10,16,23,30,65,84,120,150,320,910,1000,287915,50,10,22.643264511174397,0.7272959992405958,1018.9443069975823,172.30306514075335
1744907110,32,,Aggregated,143.900000,0.000000,10,16,23,30,65,84,120,150,320,910,1000,288151,50,10,22.63798193228495,0.7272959992405958,1018.9443069975823,172.29448448903526
1744907111,34,,Aggregated,155.300000,0.000000,10,16,23,30,65,84,120,150,320,910,1000,288388,50,10,22.632415545462543,0.7272959992405958,1018.9443069975823,172.29972467647752
1744907112,35,,Aggregated,168.800000,0.000000,10,16,23,30,65,84,120,150,320,910,1000,288633,50,10,22.626132805620927,0.7272959992405958,1018.9443069975823,172.3014035124189
1744907113,37,,Aggregated,180.100000,0.000000,10,16,23,30,65,84,120,150,320,910,1000,288901,50,10,22.621508763122552,0.7272959992405958,1018.9443069975823,172.2997532026542
1744907114,39,,Aggregated,192.400000,0.000000,10,16,23,30,65,84,120,150,320,910,1000,289183,50,10,22.616747629534927,0.7272959992405958,1018.9443069975823,172.29960958977534
1744907115,40,,Aggregated,204.800000,0.000000,10,16,23,30,65,84,120,150,320,910,1000,289462,50,10,22.611579278419196,0.7272959992405958,1018.9443069975823,172.29657778913986
1744907116,42,,Aggregated,214.500000,0.000000,10,16,23,30,65,84,120,150,320,910,1000,289739,50,10,22.603834906625174,0.7272959992405958,1018.9443069975823,172.301837170695
1744907117,44,,Aggregated,224.600000,0.000000,10,16,23,30,65,84,120,150,320,910,1000,290066,50,10,22.599010472850132,0.7272959992405958,1018.9443069975823,172.30599932429172
1744907118,45,,Aggregated,238.100000,0.000000,10,16,23,30,65,84,120,150,320,910,1000,290411,50,10,22.59135419182381,0.7272959992405958,1018.9443069975823,172.3058320793634
1744907119,47,,Aggregated,248.200000,0.000000,10,16,23,30,65,84,120,150,320,910,1000,290768,50,10,22.5859624880033,0.7272959992405958,1018.9443069975823,172.3043732460243
1744907120,49,,Aggregated,260.100000,0.000000,10,16,23,30,65,84,120,150,320,910,1000,291117,50,10,22.577616749704568,0.7272959992405958,1018.9443069975823,172.29507036689716
1744907121,50,,Aggregated,271.000000,0.000000,10,16,23,30,65,84,120,150,320,910,1000,291458,50,10,22.571689064900653,0.7272959992405958,1018.9443069975823,172.30080834974507
1744907122,52,,Aggregated,283.700000,0.000000,10,16,23,30,65,84,120,150,320,910,1000,291827,50,10,22.56226479739954,0.7272959992405958,1018.9443069975823,172.29348552395768
1744907123,54,,Aggregated,296.400000,0.000000,10,16,23,30,65,84,120,150,320,910,1000,292196,50,10,22.563013192431757,0.7272959992405958,1018.9443069975823,172.2971224794316
1744907124,55,,Aggregated,310.100000,0.000000,10,16,23,30,65,84,120,150,320,910,1000,292540,50,10,22.55484627399281,0.7272959992405958,1018.9443069975823,172.3042934299583
1744907125,57,,Aggregated,321.000000,0.000000,10,16,23,30,65,84,120,150,320,910,1000,292945,51,10,22.549939975868856,0.7272959992405958,1018.9443069975823,172.29554353206234
1744907126,59,,Aggregated,331.400000,0.000000,10,16,23,30,65,84,120,150,320,910,1000,293367,51,10,22.546246728278515,0.7272959992405958,1018.9443069975823,172.3039128463665
1744907127,60,,Aggregated,343.900000,0.000000,10,16,23,30,65,84,120,150,320,910,1000,293821,51,10,22.536173254760055,0.7272959992405958,1018.9443069975823,172.30519942413918
1744907128,62,,Aggregated,348.500000,0.100000,10,16,23,30,65,84,120,150,320,910,1000,294281,51,10,22.52953310642872,0.7272959992405958,1018.9443069975823,172.30053248425824
1744907129,64,,Aggregated,360.100000,0.100000,10,16,23,30,65,84,120,150,320,910,1000,294739,51,10,22.525210332009024,0.7272959992405958,1018.9443069975823,172.303448135469
1744907130,65,,Aggregated,373.100000,0.100000,10,16,23,30,65,84,120,150,310,910,1000,295193,51,10,22.518057263108883,0.7272959992405958,1018.9443069975823,172.29485794039832
1744907131,67,,Aggregated,387.600000,0.100000,10,16,23,30,65,84,120,150,310,910,1000,295632,51,10,22.517892625621954,0.7272959992405958,1018.9443069975823,172.2888354440656
1744907132,69,,Aggregated,401.100000,0.100000,10,16,22,30,65,84,120,150,310,910,1000,296056,51,10,22.511777654386016,0.7272959992405958,1018.9443069975823,172.29288377874457
1744907133,70,,Aggregated,409.600000,0.100000,10,16,22,30,65,84,120,150,310,910,1000,296543,51,10,22.515396994142097,0.7272959992405958,1018.9443069975823,172.3038378919752
1744907134,72,,Aggregated,420.300000,0.100000,10,16,22,30,65,84,120,150,310,910,1000,297054,51,10,22.508419705073557,0.7272959992405958,1018.9443069975823,172.29127364048287
1744907135,74,,Aggregated,429.400000,0.100000,10,16,22,30,65,84,120,150,310,910,1000,297575,51,10,22.505457821681745,0.7272959992405958,1018.9443069975823,172.3119079223725
1744907136,76,,Aggregated,435.400000,0.100000,10,16,22,30,65,84,120,150,310,910,1000,298135,51,10,22.497117981377627,0.7272959992405958,1018.9443069975823,172.30272192127728
1744907137,77,,Aggregated,445.000000,0.100000,10,16,22,30,65,84,120,150,310,910,1000,298681,51,10,22.489649725034194,0.7272959992405958,1018.9443069975823,172.3119582430754
1744907138,79,,Aggregated,464.800000,0.000000,10,16,22,30,65,84,120,150,310,910,1000,299263,51,10,22.49137558464587,0.7272959992405958,1018.9443069975823,172.29664208405316
1744907139,81,,Aggregated,475.000000,0.000000,10,16,22,30,65,84,120,150,310,910,1000,299799,51,10,22.48673558540513,0.7272959992405958,1018.9443069975823,172.29342326025105
1744907140,82,,Aggregated,487.700000,0.000000,10,16,22,30,65,84,120,150,310,910,1000,300307,51,10,22.487471967276573,0.7272959992405958,1018.9443069975823,172.31058883076318
1744907141,84,,Aggregated,498.300000,0.000000,10,16,22,30,65,84,120,150,310,910,1000,300867,51,10,22.486619279050096,0.7272959992405958,1018.9443069975823,172.3033998411258
1744907142,86,,Aggregated,507.300000,0.000000,10,16,22,30,65,84,120,150,310,910,1000,301447,51,10,22.487263900353884,0.7272959992405958,1018.9443069975823,172.3128012552787
1744907143,87,,Aggregated,515.700000,0.000000,10,16,22,29,65,84,120,150,310,910,1000,302086,51,10,22.476370150947226,0.7272959992405958,1018.9443069975823,172.31337764742491
1744907144,89,,Aggregated,518.900000,0.000000,10,16,22,29,65,84,120,150,310,910,1000,302755,51,10,22.472175994549954,0.7272959992405958,1018.9443069975823,172.30884708757907
1744907145,91,,Aggregated,533.000000,0.000000,10,16,22,29,65,84,120,150,310,910,1000,303358,51,10,22.474492259409907,0.7272959992405958,1018.9443069975823,172.2847493720291
1744907146,92,,Aggregated,549.000000,0.000000,10,16,22,29,65,84,120,150,310,910,1000,303953,51,10,22.483164868459777,0.7272959992405958,1018.9443069975823,172.30747516885833
1744907147,94,,Aggregated,564.400000,0.000000,10,16,22,29,65,84,120,150,310,910,1000,304631,51,10,22.47903242517969,0.7272959992405958,1018.9443069975823,172.305848715331
1744907148,96,,Aggregated,575.600000,0.000000,10,16,22,29,65,84,120,150,310,910,1000,305240,51,10,22.481503736826557,0.7272959992405958,1018.9443069975823,172.2952168785218
1744907149,97,,Aggregated,585.100000,0.000000,10,16,22,30,65,84,120,150,310,910,1000,305898,51,10,22.49913470725513,0.7272959992405958,1018.9443069975823,172.31634401009487
1744907150,99,,Aggregated,593.400000,0.000000,10,16,22,30,65,84,120,150,310,910,1000,306632,51,10,22.502836498190415,0.7272959992405958,1018.9443069975823,172.31724020976284
1744907151,100,,Aggregated,593.900000,0.000000,10,16,22,30,65,84,120,150,310,910,1000,307243,51,10,22.50718871699972,0.7272959992405958,1018.9443069975823,172.29811907838422
1744907152,100,,Aggregated,601.600000,0.000000,10,16,22,30,65,84,120,150,310,910,1000,307905,51,10,22.514238518930004,0.7272959992405958,1018.9443069975823,172.31155064061969
1744907153,100,,Aggregated,621.800000,0.000000,10,16,22,30,65,84,120,150,310,910,1000,308641,51,10,22.51794465276844,0.7272959992405958,1018.9443069975823,172.31284890860255
1744907155,100,,Aggregated,634.300000,0.000000,10,16,22,30,65,84,120,150,310,910,1000,309260,51,10,22.52162274259892,0.7272959992405958,1018.9443069975823,172.30852033887345
1744907156,100,,Aggregated,651.100000,0.000000,10,16,23,30,65,84,120,150,310,910,1000,309911,51,10,22.538303419630505,0.7272959992405958,1018.9443069975823,172.29593657533937
1744907157,100,,Aggregated,646.900000,0.000000,10,16,23,30,65,84,120,150,310,900,1000,310543,51,10,22.542889339882183,0.7272959992405958,1018.9443069975823,172.32194575308412
1744907158,100,,Aggregated,645.800000,0.000000,10,16,23,30,65,84,120,150,310,900,1000,311285,51,10,22.546843500460724,0.7272959992405958,1018.9443069975823,172.31644634338306
1744907159,100,,Aggregated,648.900000,0.000000,10,16,23,30,65,84,120,150,310,900,1000,312000,51,10,22.548696574993574,0.7272959992405958,1018.9443069975823,172.31942307692307
1744907160,100,,Aggregated,657.700000,0.000000,10,16,23,30,65,84,120,150,310,900,1000,312637,51,10,22.561785451702605,0.7272959992405958,1018.9443069975823,172.29972779933277
1744907161,100,,Aggregated,672.000000,0.000000,10,16,23,30,65,84,120,150,310,900,1000,313158,51,10,22.574590892852928,0.7272959992405958,1018.9443069975823,172.29881401720536
1744907162,100,,Aggregated,668.200000,0.000000,10,16,23,30,65,84,120,150,310,900,1000,313819,51,10,22.611611324601036,0.7272959992405958,1018.9443069975823,172.31371268151386
1744907163,100,,Aggregated,646.900000,0.000000,10,16,23,30,65,84,120,150,310,900,1000,314552,51,10,22.626961889070284,0.7272959992405958,1018.9443069975823,172.32830183880566
1744907164,100,,Aggregated,650.500000,0.000000,10,16,23,30,65,84,120,150,310,900,1000,315099,51,10,22.633339291964532,0.7272959992405958,1018.9443069975823,172.3060434974405
1744907165,100,,Aggregated,662.500000,0.000000,10,16,23,30,65,84,120,150,310,900,1000,315769,51,10,22.658518164603667,0.7272959992405958,1018.9443069975823,172.31605699102826
1744907166,100,,Aggregated,638.700000,0.000000,10,16,23,30,65,85,120,150,310,900,1000,316446,51,10,22.71136411562082,0.7272959992405958,1018.9443069975823,172.31573475411287
1744907167,100,,Aggregated,646.600000,0.000000,10,16,23,30,65,85,120,150,310,900,1000,316941,51,10,22.71944309378687,0.7272959992405958,1018.9443069975823,172.3308817729483
1744907168,100,,Aggregated,645.400000,0.000000,10,16,23,30,65,85,120,150,310,900,1000,317637,51,10,22.755866969071345,0.7272959992405958,1018.9443069975823,172.31694670331228
1744907169,100,,Aggregated,637.800000,0.000000,10,16,23,30,65,85,120,150,310,900,1000,318302,51,10,22.775282305153397,0.7272959992405958,1018.9443069975823,172.31713592751538
1744907170,100,,Aggregated,631.100000,0.000000,10,16,23,30,65,85,120,150,310,900,1000,318890,51,10,22.778367814396685,0.7272959992405958,1018.9443069975823,172.31422120480417
1744907171,100,,Aggregated,624.500000,0.000000,10,16,23,31,65,85,120,150,310,900,1000,319542,51,10,22.796235793138276,0.7272959992405958,1018.9443069975823,172.31833061068656
1744907172,100,,Aggregated,620.600000,0.000000,10,16,23,31,65,85,120,150,310,900,1000,320267,51,10,22.801143923917085,0.7272959992405958,1018.9443069975823,172.33264120249666
1744907173,100,,Aggregated,635.700000,0.000000,10,16,23,31,65,85,120,150,310,900,1000,320893,51,10,22.814042640167187,0.7272959992405958,1018.9443069975823,172.30871349639912
1744907174,100,,Aggregated,639.200000,0.000000,10,16,23,31,65,85,120,150,310,900,1000,321477,51,10,22.82357178342511,0.7272959992405958,1018.9443069975823,172.3274168914106
1744907175,100,,Aggregated,623.400000,0.000000,10,16,23,31,65,85,120,150,310,900,1000,322172,51,10,22.824675073883387,0.7272959992405958,1018.9443069975823,172.33064325888034
1744907176,100,,Aggregated,634.000000,0.000000,10,16,23,31,65,85,120,150,310,900,1000,322927,51,10,22.822808232480387,0.7272959992405958,1018.9443069975823,172.33295450674612
1744907177,100,,Aggregated,640.200000,0.000000,10,16,23,31,65,85,120,150,310,900,1000,323645,51,10,22.82258002910376,0.7272959992405958,1018.9443069975823,172.32702189126977
1744907178,100,,Aggregated,650.400000,0.000000,10,16,23,31,65,85,120,150,310,900,1000,324254,51,10,22.815502518887442,0.7272959992405958,1018.9443069975823,172.32678702498657
1744907179,100,,Aggregated,657.300000,0.000000,10,16,23,31,65,85,120,150,310,900,1000,324910,51,10,22.82171484974091,0.7272959992405958,1018.9443069975823,172.32998676556585
1744907180,100,,Aggregated,653.000000,0.000000,10,16,23,30,65,85,120,150,310,900,1000,325591,51,10,22.81484061726004,0.7272959992405958,1018.9443069975823,172.3298555549754
1744907181,100,,Aggregated,655.700000,0.000000,10,16,23,30,65,85,120,150,310,900,1000,326251,51,10,22.81569430508233,0.7272959992405958,1018.9443069975823,172.3255315692519
1744907182,100,,Aggregated,662.800000,0.000000,10,16,23,31,65,85,120,150,310,900,1000,326936,51,10,22.83446690682387,0.7272959992405958,1018.9443069975823,172.3178787285585
1744907183,100,,Aggregated,669.600000,0.000000,10,16,23,31,65,85,120,150,310,900,1000,327538,51,10,22.842211121589724,0.7272959992405958,1018.9443069975823,172.32745208189584
1744907184,100,,Aggregated,663.000000,0.000000,10,16,23,31,65,85,120,150,310,900,1000,328234,51,10,22.847633833872422,0.7272959992405958,1018.9443069975823,172.33961746802586
1744907185,100,,Aggregated,667.000000,0.000000,10,16,23,31,65,85,120,150,310,900,1000,328991,51,10,22.848796195425674,0.7272959992405958,1018.9443069975823,172.33547118310227
1744907186,100,,Aggregated,679.700000,0.000000,10,16,23,31,65,85,120,150,310,900,1000,329672,51,10,22.849735337206162,0.7272959992405958,1018.9443069975823,172.31124572302167
1744907187,100,,Aggregated,674.700000,0.000000,10,16,23,31,65,85,120,150,310,900,1000,330303,51,10,22.843153676074657,0.7272959992405958,1018.9443069975823,172.3246443417105
1744907188,100,,Aggregated,662.400000,0.000000,10,16,23,31,65,85,120,150,310,900,1000,330971,51,10,22.83983068793499,0.7272959992405958,1018.9443069975823,172.32380480465056
1744907189,100,,Aggregated,664.900000,0.000000,10,16,23,31,65,85,120,150,310,900,1000,331658,51,10,22.84436369024303,0.7272959992405958,1018.9443069975823,172.3368771445284
1744907190,100,,Aggregated,671.500000,0.000000,10,16,23,31,65,85,120,150,310,900,1000,332372,51,10,22.837945874377795,0.7272959992405958,1018.9443069975823,172.33709518250635
1744907191,100,,Aggregated,674.600000,0.000000,10,16,23,30,65,85,120,150,310,900,1000,333049,51,10,22.834059019644858,0.7272959992405958,1018.9443069975823,172.31712150464347
1744907192,100,,Aggregated,676.500000,0.000000,10,16,23,30,65,85,120,150,310,900,1000,333706,51,10,22.825750638423433,0.7272959992405958,1018.9443069975823,172.32590064308104
1744907193,100,,Aggregated,666.800000,0.000000,10,16,23,30,65,85,120,150,310,900,1000,334403,51,10,22.82251010233983,0.7272959992405958,1018.9443069975823,172.33287380795028
1744907194,100,,Aggregated,673.900000,0.000000,10,16,23,30,65,85,120,150,310,900,1000,335114,51,10,22.827302267943747,0.7272959992405958,1018.9443069975823,172.3305621370638
1744907195,100,,Aggregated,682.700000,0.000000,10,16,23,30,65,85,120,150,310,900,1000,335748,51,10,22.824787178677603,0.7272959992405958,1018.9443069975823,172.32459761487783
1744907196,100,,Aggregated,674.300000,0.000000,10,16,23,30,65,85,120,150,310,900,1000,336443,51,10,22.826036550059467,0.7272959992405958,1018.9443069975823,172.33774220298832
1744907197,100,,Aggregated,671.400000,0.000000,10,16,23,30,65,85,120,150,300,900,1000,337102,51,10,22.822639108008147,0.7272959992405958,1018.9443069975823,172.321688984343
1744907198,100,,Aggregated,677.200000,0.000000,10,16,23,31,65,85,120,150,300,900,1000,337793,51,10,22.854197166838343,0.7272959992405958,1018.9443069975823,172.33649305935884
1744907199,100,,Aggregated,684.500000,0.000000,10,16,23,31,65,85,120,150,300,900,1000,338381,51,10,22.852490015875123,0.7272959992405958,1018.9443069975823,172.31677014962423
1744907200,100,,Aggregated,672.400000,0.000000,10,16,23,31,65,85,120,150,300,900,1000,339052,51,10,22.85817994215272,0.7272959992405958,1018.9443069975823,172.3422247914774
1744907201,100,,Aggregated,664.900000,0.000000,10,16,23,31,65,85,120,150,300,900,1000,339767,51,10,22.878379361305633,0.7272959992405958,1018.9443069975823,172.3360361659608
1744907202,100,,Aggregated,668.900000,0.000000,10,16,23,31,65,85,120,150,300,900,1000,340378,51,10,22.89015737104836,0.7272959992405958,1018.9443069975823,172.31774380247842
1744907203,100,,Aggregated,669.600000,0.000000,10,16,23,31,65,85,120,150,300,900,1000,341023,51,10,22.901626509184652,0.7272959992405958,1018.9443069975823,172.3307401553561
1744907204,100,,Aggregated,659.800000,0.000000,10,16,23,31,65,85,120,150,300,900,1000,341637,51,10,22.908885294088858,0.7272959992405958,1018.9443069975823,172.32065906210394
1744907205,100,,Aggregated,648.000000,0.000000,10,16,23,31,65,85,120,150,300,900,1000,342286,51,10,22.918874613748876,0.7272959992405958,1018.9443069975823,172.34117375528066
1744907206,100,,Aggregated,652.800000,0.000000,10,16,23,31,65,85,120,150,300,900,1000,342997,51,10,22.927055957182198,0.7272959992405958,1018.9443069975823,172.342801832086
1744907207,100,,Aggregated,659.900000,0.000000,10,16,23,31,65,85,120,150,300,900,1000,343649,51,10,22.932227599141996,0.7272959992405958,1018.9443069975823,172.332889081592
1744907208,100,,Aggregated,652.600000,0.000000,10,16,23,31,65,85,120,150,300,900,1000,344328,51,10,22.931353750660893,0.7272959992405958,1018.9443069975823,172.3451679793685
1744907209,100,,Aggregated,645.800000,0.000000,10,16,23,31,65,85,120,150,300,900,1000,345055,51,10,22.931764595135988,0.7272959992405958,1018.9443069975823,172.3402182260799
1744907210,100,,Aggregated,657.800000,0.000000,10,16,23,31,65,85,120,150,300,900,1000,345725,51,10,22.929335263439466,0.7272959992405958,1018.9443069975823,172.33565984525274
1744907211,99,,Aggregated,663.300000,0.000000,10,16,23,31,65,85,120,150,300,900,1000,346359,51,10,22.934856913837013,0.7272959992405958,1018.9443069975823,172.33852736611436
1744907212,98,,Aggregated,658.000000,0.000000,10,16,23,31,65,85,120,150,300,900,1000,347011,51,10,22.926708622853056,0.7272959992405958,1018.9443069975823,172.3404848837645
1744907213,97,,Aggregated,655.200000,0.000000,10,16,23,31,65,85,120,150,300,900,1000,347676,51,10,22.92569357258129,0.7272959992405958,1018.9443069975823,172.3462419033813
1744907214,96,,Aggregated,662.600000,0.000000,10,16,23,31,65,85,120,150,300,900,1000,348331,51,10,22.921781084111714,0.7272959992405958,1018.9443069975823,172.34095443701537
1744907215,95,,Aggregated,671.500000,0.000000,10,16,23,31,65,85,120,150,300,900,1000,349008,51,10,22.927531816865805,0.7272959992405958,1018.9443069975823,172.3432729335717
1744907216,94,,Aggregated,668.400000,0.000000,10,16,23,31,65,85,120,150,300,900,1000,349580,51,10,22.925798294203712,0.7272959992405958,1018.9443069975823,172.3366067852852
1744907217,93,,Aggregated,656.500000,0.000000,10,16,23,31,65,85,120,150,300,900,1000,350210,51,10,22.92604671496462,0.7272959992405958,1018.9443069975823,172.3578481482539
1744907218,92,,Aggregated,662.600000,0.000000,10,16,23,31,65,85,120,150,300,900,1000,350882,51,10,22.934365985814757,0.7272959992405958,1018.9443069975823,172.33789422084917
1744907219,91,,Aggregated,660.400000,0.000000,10,16,23,31,65,85,120,150,300,900,1000,351519,51,10,22.93498455857457,0.7272959992405958,1018.9443069975823,172.3572722953809
1744907220,90,,Aggregated,650.100000,0.000000,10,16,23,31,65,85,120,150,300,900,1000,352061,51,10,22.93458156766691,0.7272959992405958,1018.9443069975823,172.3352288381843
1744907221,89,,Aggregated,639.900000,0.000000,10,16,23,31,65,85,120,150,300,900,1000,352653,51,10,22.93704586875278,0.7272959992405958,1018.9443069975823,172.3555960108095
1744907222,88,,Aggregated,635.400000,0.000000,10,16,23,31,65,85,120,150,300,900,1000,353286,51,10,22.95708611977341,0.7272959992405958,1018.9443069975823,172.3473021857645
1744907223,87,,Aggregated,633.200000,0.000000,10,16,23,31,65,85,120,150,300,900,1000,353839,51,10,22.962082617298204,0.7272959992405958,1018.9443069975823,172.34139820652896
1744907224,86,,Aggregated,626.900000,0.000000,10,16,23,31,65,85,120,150,300,900,1000,354384,51,10,22.957216899824193,0.7272959992405958,1018.9443069975823,172.33920549460473
1744907225,85,,Aggregated,606.300000,0.000000,10,16,23,31,65,85,120,150,300,900,1000,354918,51,10,22.956691888203057,0.7272959992405958,1018.9443069975823,172.34540372705808
1744907226,84,,Aggregated,595.300000,0.000000,10,16,23,31,65,85,120,150,300,900,1000,355525,51,10,22.946681090627216,0.7272959992405958,1018.9443069975823,172.35484143168554
1744907227,83,,Aggregated,599.200000,0.000000,10,16,23,31,65,85,120,150,300,900,1000,356121,51,10,22.94142004130122,0.7272959992405958,1018.9443069975823,172.34841528581578
1744907228,82,,Aggregated,598.300000,0.000000,10,16,23,31,65,85,120,150,300,900,1000,356724,51,10,22.940819928530715,0.7272959992405958,1018.9443069975823,172.36467969634788
1744907229,81,,Aggregated,590.500000,0.000000,10,16,23,31,65,85,120,150,300,900,1000,357247,51,10,22.953602458560017,0.7272959992405958,1018.9443069975823,172.3341385651944
1744907230,80,,Aggregated,585.400000,0.000000,10,16,23,31,65,85,120,150,300,900,1000,357717,51,10,22.95503602533876,0.7272959992405958,1018.9443069975823,172.3561810034189
1744907231,79,,Aggregated,576.000000,0.000000,10,16,23,31,65,85,120,150,300,900,1000,358258,51,10,22.9561382295278,0.7272959992405958,1018.9443069975823,172.34380530232403
1744907232,78,,Aggregated,571.300000,0.000000,10,16,23,31,65,85,120,150,300,900,1000,358813,51,10,22.95903831168399,0.7272959992405958,1018.9443069975823,172.35731704258208
1744907233,77,,Aggregated,567.500000,0.000000,10,16,23,31,65,85,120,150,300,900,1000,359371,51,10,22.95893223841477,0.7272959992405958,1018.9443069975823,172.34999485211662
1744907234,76,,Aggregated,556.600000,0.000000,10,16,23,31,65,85,120,150,300,900,1000,359845,51,10,22.948641499696574,0.7272959992405958,1018.9443069975823,172.3519015131515
1744907235,75,,Aggregated,555.600000,0.000000,10,16,23,31,65,85,120,150,300,900,1000,360354,51,10,22.938781243377868,0.7272959992405958,1018.9443069975823,172.35986002652947
1744907236,74,,Aggregated,552.400000,0.000000,10,16,23,31,65,85,120,150,300,900,1000,360915,51,10,22.92778811745196,0.7272959992405958,1018.9443069975823,172.3624066608481
1744907237,73,,Aggregated,544.700000,0.000000,10,16,23,31,65,85,120,150,300,900,1000,361463,51,10,22.91697998424536,0.7272959992405958,1018.9443069975823,172.35598940970445
1744907238,72,,Aggregated,533.500000,0.000000,10,16,23,31,65,85,120,150,300,900,1000,361962,51,10,22.910532638805467,0.7272959992405958,1018.9443069975823,172.36333095739332
1744907239,71,,Aggregated,529.000000,0.000000,10,16,23,31,65,85,120,150,300,900,1000,362447,51,10,22.922241372245644,0.7272959992405958,1018.9443069975823,172.34907172634897
1744907240,70,,Aggregated,522.000000,0.000000,10,16,23,31,65,85,120,150,300,900,1000,362831,51,10,22.920865420959966,0.7272959992405958,1018.9443069975823,172.34586625729335
1744907241,69,,Aggregated,518.200000,0.000000,10,16,23,31,65,85,120,150,300,900,1000,363298,51,10,22.91939860007004,0.7272959992405958,1018.9443069975823,172.3616975595792
1744907242,68,,Aggregated,513.900000,0.000000,10,16,23,31,65,85,120,150,300,900,1000,363820,51,10,22.91971542863815,0.7272959992405958,1018.9443069975823,172.36716508163377
1744907243,67,,Aggregated,507.500000,0.000000,10,16,23,31,65,85,120,150,300,900,1000,364343,51,10,22.911309367585424,0.7272959992405958,1018.9443069975823,172.3666956686419
1744907244,66,,Aggregated,504.100000,0.000000,10,16,23,31,65,85,120,150,300,900,1000,364821,51,10,22.905069642943047,0.7272959992405958,1018.9443069975823,172.35342811954357
1744907245,65,,Aggregated,493.900000,0.000000,10,16,23,31,65,85,120,150,300,900,1000,365153,51,10,22.90707189515933,0.7272959992405958,1018.9443069975823,172.34985882630022
1744907246,64,,Aggregated,486.400000,0.000000,10,16,23,31,65,85,120,150,300,900,1000,365595,51,10,22.907548011523858,0.7272959992405958,1018.9443069975823,172.3660389228518
1744907247,63,,Aggregated,474.200000,0.000000,10,16,23,31,65,85,120,150,300,900,1000,366084,51,10,22.905085448228064,0.7272959992405958,1018.9443069975823,172.36875962893762
1744907248,62,,Aggregated,469.100000,0.000000,10,16,23,31,65,85,120,150,300,900,1000,366522,51,10,22.89907410757916,0.7272959992405958,1018.9443069975823,172.34757258773007
1744907249,61,,Aggregated,461.900000,0.000000,10,16,23,31,65,85,120,150,300,900,1000,366917,51,10,22.90188220823256,0.7272959992405958,1018.9443069975823,172.3668404571061
1744907250,60,,Aggregated,452.500000,0.000000,10,16,23,31,65,85,120,150,300,900,1000,367310,51,10,22.89539282603272,0.7272959992405958,1018.9443069975823,172.357635239988
1744907251,59,,Aggregated,450.600000,0.000000,10,16,23,31,65,85,120,150,300,900,1000,367713,51,10,22.88896932517506,0.7272959992405958,1018.9443069975823,172.36272582149667
1744907252,58,,Aggregated,442.600000,0.000000,10,16,23,31,65,85,120,150,300,900,1000,368134,51,10,22.885358439451878,0.7272959992405958,1018.9443069975823,172.36389466878907
1744907253,57,,Aggregated,435.100000,0.000000,10,16,23,31,65,85,120,150,300,900,1000,368560,51,10,22.879899108685517,0.7272959992405958,1018.9443069975823,172.36073909268504
1744907254,56,,Aggregated,430.000000,0.000000,10,16,23,31,65,85,120,150,300,900,1000,368971,51,10,22.874516484867907,0.7272959992405958,1018.9443069975823,172.36276021692763
1744907255,55,,Aggregated,425.400000,0.000000,10,16,23,31,65,85,120,150,300,900,1000,369351,51,10,22.868890217425513,0.7272959992405958,1018.9443069975823,172.35048774742725
1744907256,54,,Aggregated,422.300000,0.000000,10,16,23,31,65,85,120,150,300,900,1000,369627,51,10,22.86865516907428,0.7272959992405958,1018.9443069975823,172.35945155521648
1744907257,53,,Aggregated,419.800000,0.000000,10,16,23,31,65,85,120,150,300,900,1000,370015,51,10,22.866969436443,0.7272959992405958,1018.9443069975823,172.37038768698565
1744907258,52,,Aggregated,407.800000,0.000000,10,16,23,31,65,85,120,150,300,900,1000,370431,51,10,22.859750016258015,0.7272959992405958,1018.9443069975823,172.3706736207283
1744907259,51,,Aggregated,401.100000,0.000000,10,16,23,31,65,85,120,150,300,900,1000,370834,51,10,22.855327755528215,0.7272959992405958,1018.9443069975823,172.37012517730304
1744907260,50,,Aggregated,402.500000,0.000000,10,16,23,31,65,85,120,150,300,900,1000,371205,51,10,22.84800790887376,0.7272959992405958,1018.9443069975823,172.36090569900728
1744907261,49,,Aggregated,388.400000,0.000000,10,16,23,31,65,85,120,150,300,900,1000,371535,53,10,22.845642445574626,0.7272959992405958,1018.9443069975823,172.3576728975736
1744907262,48,,Aggregated,374.900000,0.000000,10,16,23,31,65,85,120,150,300,900,1000,371810,53,10,22.843636050874238,0.7267059991136193,1018.9443069975823,172.35985046125708
1744907263,47,,Aggregated,371.800000,0.000000,10,16,23,31,65,85,120,150,300,900,1000,372114,53,10,22.84692109968063,0.7267059991136193,1018.9443069975823,172.35957260409444
1744907264,46,,Aggregated,369.200000,0.200000,10,16,23,31,65,85,120,150,300,900,1000,372411,53,10,22.842573193881226,0.7267059991136193,1018.9443069975823,172.36763951655564
1744907265,45,,Aggregated,371.600000,0.200000,10,16,23,31,65,85,120,150,300,900,1000,372748,53,10,22.83988952055415,0.7267059991136193,1018.9443069975823,172.36748419843968
1744907266,44,,Aggregated,358.600000,0.200000,10,16,23,31,65,85,120,150,300,900,1000,373095,53,10,22.832486799457378,0.7267059991136193,1018.9443069975823,172.36943137806725
1744907267,43,,Aggregated,344.600000,0.200000,10,16,23,31,65,85,120,150,300,900,1000,373433,53,10,22.82473504476987,0.7267059991136193,1018.9443069975823,172.366250438499
1744907268,42,,Aggregated,336.900000,0.200000,10,16,23,30,65,85,120,150,300,900,1000,373735,53,10,22.81976264779728,0.7267059991136193,1018.9443069975823,172.36150480955757
1744907269,41,,Aggregated,328.200000,0.200000,10,16,23,30,65,85,120,150,300,900,1000,374021,53,10,22.81590496457,0.7267059991136193,1018.9443069975823,172.3626293710781
1744907270,40,,Aggregated,320.900000,0.200000,10,16,23,30,65,85,120,150,300,900,1000,374293,53,10,22.810988788217934,0.7267059991136193,1018.9443069975823,172.3630471315253
1744907271,39,,Aggregated,322.300000,0.200000,10,16,23,30,65,85,120,150,300,900,1000,374529,53,10,22.806630859755842,0.7267059991136193,1018.9443069975823,172.35866114506487
1744907272,38,,Aggregated,322.600000,0.200000,10,16,23,30,65,85,120,150,300,900,1000,374781,53,10,22.802262234541057,0.7267059991136193,1018.9443069975823,172.36038112924615
1744907273,37,,Aggregated,314.400000,0.200000,10,16,23,30,65,85,120,150,300,900,1000,375043,53,10,22.798473285899238,0.7267059991136193,1018.9443069975823,172.3667419469234
1744907274,36,,Aggregated,304.200000,0.000000,10,16,23,30,65,85,120,150,300,900,1000,375321,53,10,22.79323878851564,0.7267059991136193,1018.9443069975823,172.3675520421186
1744907275,35,,Aggregated,293.400000,0.000000,10,16,23,30,65,85,120,150,300,900,1000,375590,53,10,22.79091150526509,0.7267059991136193,1018.9443069975823,172.3660400969142
1744907276,34,,Aggregated,284.800000,0.000000,10,16,23,30,65,85,120,150,300,900,1000,375852,53,10,22.785697211100636,0.7267059991136193,1018.9443069975823,172.3696109106776
1744907277,33,,Aggregated,279.200000,0.000000,10,16,23,30,65,85,120,150,300,900,1000,376095,54,10,22.78133993300263,0.7267059991136193,1018.9443069975823,172.35791754742817
1744907278,32,,Aggregated,275.000000,0.000000,10,16,23,30,65,85,120,150,300,900,1000,376285,54,10,22.778792590827955,0.7267059991136193,1018.9443069975823,172.35563734934956
1744907279,31,,Aggregated,272.500000,0.000000,10,16,23,30,65,85,120,150,300,900,1000,376478,54,10,22.776251864132096,0.7267059991136193,1018.9443069975823,172.3636201849776
1744907280,30,,Aggregated,267.500000,0.100000,10,16,23,30,65,85,120,150,300,900,1000,376699,54,10,22.77196882812736,0.7267059991136193,1018.9443069975823,172.3620821929445
1744907281,29,,Aggregated,260.200000,0.100000,10,16,23,30,65,85,120,150,300,900,1000,376886,54,10,22.770066311072096,0.7267059991136193,1018.9443069975823,172.36140106026755
1744907282,28,,Aggregated,250.900000,0.100000,10,16,23,30,65,85,120,150,300,900,1000,377084,54,10,22.766507716698857,0.7267059991136193,1018.9443069975823,172.36741946091587
1744907283,27,,Aggregated,238.800000,0.100000,10,16,23,30,65,85,120,150,300,900,1000,377300,54,10,22.76189685797945,0.7267059991136193,1018.9443069975823,172.36756692287304
1744907284,26,,Aggregated,227.700000,0.100000,10,16,23,30,65,85,120,150,300,900,1000,377508,54,10,22.758658049770105,0.7267059991136193,1018.9443069975823,172.3677087637878
1744907285,25,,Aggregated,223.400000,0.100000,10,16,23,30,65,85,120,150,300,900,1000,377697,54,10,22.754018486849496,0.7267059991136193,1018.9443069975823,172.36339181936845
1744907286,24,,Aggregated,218.800000,0.100000,10,16,23,30,65,85,120,150,300,900,1000,377870,54,10,22.750153619463333,0.7267059991136193,1018.9443069975823,172.36208749040676
1744907287,23,,Aggregated,214.100000,0.100000,10,16,23,30,65,85,120,150,300,900,1000,378017,54,10,22.74817014806883,0.7267059991136193,1018.9443069975823,172.36111867984772
1744907288,22,,Aggregated,209.200000,0.100000,10,16,23,30,65,85,120,150,300,900,1000,378163,54,10,22.745450236248704,0.7267059991136193,1018.9443069975823,172.36336183074494
1744907289,21,,Aggregated,201.900000,0.100000,10,16,23,30,65,85,120,150,300,900,1000,378313,54,10,22.741320211524656,0.7267059991136193,1018.9443069975823,172.36407947916143
1744907290,20,,Aggregated,192.900000,0.000000,10,16,23,30,65,85,120,150,300,900,1000,378432,54,10,22.737847082507603,0.7267059991136193,1018.9443069975823,172.3588121511923
1744907291,19,,Aggregated,184.600000,0.000000,10,16,23,30,65,85,120,150,300,900,1000,378559,54,10,22.737162843780144,0.7267059991136193,1018.9443069975823,172.3676150877406
1744907292,18,,Aggregated,177.000000,0.000000,10,16,23,30,65,85,120,150,300,900,1000,378703,54,10,22.733714758260682,0.7267059991136193,1018.9443069975823,172.36771295711944
1744907293,17,,Aggregated,170.300000,0.000000,10,16,23,30,65,85,120,150,300,900,1000,378839,54,10,22.73390003699889,0.7267059991136193,1018.9443069975823,172.36780532099388
1744907294,16,,Aggregated,164.700000,0.000000,10,16,23,30,65,85,120,150,300,900,1000,378961,54,10,22.73162294305376,0.7267059991136193,1018.9443069975823,172.36452563720277
1744907295,15,,Aggregated,155.000000,0.000000,10,16,23,30,65,85,120,150,300,900,1000,379068,54,10,22.730180008675585,0.7267059991136193,1018.9443069975823,172.36627992866715
1744907296,14,,Aggregated,151.400000,0.000000,10,16,23,30,65,85,120,150,300,900,1000,379163,54,10,22.7285413322281,0.7267059991136193,1018.9443069975823,172.36130371370623
1744907297,13,,Aggregated,145.900000,0.000000,10,16,23,30,65,85,120,150,300,900,1000,379230,54,10,22.727454771805043,0.7267059991136193,1018.9443069975823,172.35779606043826
1744907298,12,,Aggregated,137.200000,0.000000,10,16,23,30,65,85,120,150,300,900,1000,379292,54,10,22.728669705418504,0.7267059991136193,1018.9443069975823,172.3664327220189
1744907299,11,,Aggregated,128.500000,0.000000,10,16,23,30,65,85,120,150,300,900,1000,379380,54,10,22.72688163370649,0.7267059991136193,1018.9443069975823,172.36649269861354
1744907300,10,,Aggregated,118.900000,0.000000,10,16,23,30,65,85,120,150,300,900,1000,379457,54,10,22.724781938603254,0.7267059991136193,1018.9443069975823,172.3648661113117
1744907301,9,,Aggregated,109.700000,0.000000,10,16,23,30,65,85,120,150,300,900,1000,379524,54,10,22.725104354832784,0.7267059991136193,1018.9443069975823,172.36659078213762
1744907302,8,,Aggregated,102.600000,0.000000,10,16,23,30,65,85,120,150,300,900,1000,379588,54,10,22.723606156012774,0.7267059991136193,1018.9443069975823,172.36663435092785
1744907303,7,,Aggregated,98.100000,0.000000,10,16,23,30,65,85,120,150,300,900,1000,379644,54,10,22.722047434729866,0.7267059991136193,1018.9443069975823,172.36667246156927
1744907304,6,,Aggregated,92.800000,0.000000,10,16,23,30,65,85,120,150,300,900,1000,379686,54,10,22.720605804408336,0.7267059991136193,1018.9443069975823,172.3633449745316
1744907305,5,,Aggregated,88.000000,0.000000,10,16,23,30,65,85,120,150,300,900,1000,379718,54,10,22.719969711608595,0.7267059991136193,1018.9443069975823,172.36336702500276
1744907306,4,,Aggregated,80.500000,0.000000,10,16,23,30,65,85,120,150,300,900,1000,379738,54,10,22.71950442361204,0.7267059991136193,1018.9443069975823,172.36460401645346
1744907307,3,,Aggregated,72.200000,0.000000,10,16,23,30,65,85,120,150,300,900,1000,379761,54,10,22.718958530427255,0.7267059991136193,1018.9443069975823,172.36507434939344
1744907308,2,,Aggregated,64.800000,0.000000,10,16,23,30,65,85,120,150,300,900,1000,379777,54,10,22.718805535607956,0.7267059991136193,1018.9443069975823,172.36508530005767
1744907309,1,,Aggregated,56.700000,0.000000,10,16,23,30,65,85,120,150,300,900,1000,379785,54,10,22.71857032451932,0.7267059991136193,1018.9443069975823,172.36509077504377
1744907310,1,,Aggregated,50.900000,0.000000,10,16,23,30,65,85,120,150,300,900,1000,379793,54,10,22.71835623035592,0.7267059991136193,1018.9443069975823,172.36509624979922
1744907311,1,,Aggregated,46.800000,0.000000,10,16,23,30,65,85,120,150,300,900,1000,379801,54,10,22.71808262574762,0.7267059991136193,1018.9443069975823,172.36510172432406
1744907312,1,,Aggregated,40.400000,0.000000,10,16,23,30,65,85,120,150,300,900,1000,379809,54,10,22.717890504523513,0.7267059991136193,1018.9443069975823,172.36510719861826
1744907313,1,,Aggregated,33.300000,0.000000,10,16,23,30,65,85,120,150,300,900,1000,379817,54,10,22.717662956143542,0.7267059991136193,1018.9443069975823,172.36511267268185
1744907314,1,,Aggregated,27.600000,0.000000,10,16,23,30,65,85,120,150,300,900,1000,379825,54,10,22.71746286908593,0.7267059991136193,1018.9443069975823,172.36511814651485
1744907316,1,,Aggregated,22.100000,0.000000,10,16,23,30,65,85,120,150,300,900,1000,379833,54,10,22.717384808564724,0.7267059991136193,1018.9443069975823,172.36512362011726
1744907317,1,,Aggregated,17.300000,0.000000,10,16,23,30,65,85,120,150,300,900,1000,379838,54,10,22.71716086222169,0.7267059991136193,1018.9443069975823,172.36344968117987
1744907318,1,,Aggregated,13.600000,0.000000,10,16,23,30,65,85,120,150,300,900,1000,379841,54,10,22.71721411083731,0.7267059991136193,1018.9443069975823,172.36512909348912
1744907319,1,,Aggregated,10.700000,0.000000,10,16,23,30,65,85,120,150,300,900,1000,379849,54,10,22.71700544802949,0.7267059991136193,1018.9443069975823,172.36513456663042
1744907320,1,,Aggregated,9.100000,0.000000,10,16,23,30,65,85,120,150,300,900,1000,379857,54,10,22.716802884144705,0.7267059991136193,1018.9443069975823,172.3651400395412
1744907321,1,,Aggregated,8.000000,0.000000,10,16,23,30,65,85,120,150,300,900,1000,379865,54,10,22.716571204181918,0.7267059991136193,1018.9443069975823,172.36514551222146
1744907322,1,,Aggregated,7.200000,0.000000,10,16,23,30,65,85,120,150,300,900,1000,379873,54,10,22.716409003665884,0.7267059991136193,1018.9443069975823,172.3651509846712
1744907323,1,,Aggregated,7.200000,0.000000,10,16,23,30,65,85,120,150,300,900,1000,379881,54,10,22.716205570190585,0.7267059991136193,1018.9443069975823,172.36515645689045
1744907324,1,,Aggregated,7.200000,0.000000,10,16,23,30,65,85,120,150,300,900,1000,379889,54,10,22.716028367856342,0.7267059991136193,1018.9443069975823,172.36516192887922
1744907325,1,,Aggregated,7.200000,0.000000,10,16,23,30,65,85,120,150,300,900,1000,379897,54,10,22.715827831658544,0.7267059991136193,1018.9443069975823,172.36516740063755
1744907326,1,,Aggregated,7.200000,0.000000,10,16,23,30,65,85,120,150,300,900,1000,379905,54,10,22.71566834342424,0.7267059991136193,1018.9443069975823,172.3651728721654
1744907327,1,,Aggregated,7.200000,0.000000,10,16,23,30,65,85,120,150,300,900,1000,379913,54,10,22.715464765237268,0.7267059991136193,1018.9443069975823,172.36517834346284
1744907328,1,,Aggregated,7.200000,0.000000,10,16,23,30,65,85,120,150,300,900,1000,379918,54,10,22.715234321094517,0.7267059991136193,1018.9443069975823,172.3635047562895
1744907329,1,,Aggregated,7.200000,0.000000,10,16,23,30,65,85,120,150,300,900,1000,379921,54,10,22.71526294217636,0.7267059991136193,1018.9443069975823,172.36518381452987
1744907330,1,,Aggregated,7.200000,0.000000,10,16,23,30,65,85,120,150,300,900,1000,379929,54,10,22.71508733955707,0.7267059991136193,1018.9443069975823,172.36518928536648
1744907331,1,,Aggregated,7.200000,0.000000,10,16,23,30,65,85,120,150,300,900,1000,379937,54,10,22.714881166073813,0.7267059991136193,1018.9443069975823,172.3651947559727
1744907332,1,,Aggregated,7.200000,0.000000,10,16,23,30,65,85,120,150,300,900,1000,379945,54,10,22.714717082126604,0.7267059991136193,1018.9443069975823,172.36520022634855
1744907333,1,,Aggregated,7.200000,0.000000,10,16,23,30,65,85,120,150,300,900,1000,379953,54,10,22.714518610224395,0.7267059991136193,1018.9443069975823,172.36520569649403
1744907334,1,,Aggregated,7.200000,0.000000,10,16,23,30,65,85,120,150,300,900,1000,379961,54,10,22.714346880052393,0.7267059991136193,1018.9443069975823,172.36521116640918
1744907335,1,,Aggregated,7.200000,0.000000,10,16,23,30,65,85,120,150,300,900,1000,379969,54,10,22.714141136957423,0.7267059991136193,1018.9443069975823,172.365216636094
1744907336,1,,Aggregated,7.200000,0.000000,10,16,23,30,65,85,120,150,300,900,1000,379977,54,10,22.713940531491577,0.7267059991136193,1018.9443069975823,172.3652221055485
1744907337,1,,Aggregated,7.200000,0.000000,10,16,23,30,65,85,120,150,300,900,1000,379985,54,10,22.71375884676387,0.7267059991136193,1018.9443069975823,172.3652275747727
1744907338,1,,Aggregated,7.200000,0.000000,10,16,23,30,65,85,120,150,300,900,1000,379993,54,10,22.713575057820968,0.7267059991136193,1018.9443069975823,172.3652330437666
1744907339,1,,Aggregated,7.200000,0.000000,10,16,23,30,65,85,120,150,300,900,1000,379996,54,10,22.71343480493103,0.7267059991136193,1018.9443069975823,172.36416962283815
1744907340,1,,Aggregated,7.200000,0.000000,10,16,23,30,65,85,120,150,300,900,1000,380001,54,10,22.71338768098655,0.7267059991136193,1018.9443069975823,172.36523851253023
1744907341,1,,Aggregated,7.200000,0.000000,10,16,23,30,65,85,120,150,300,900,1000,380009,54,10,22.713272877664938,0.7267059991136193,1018.9443069975823,172.3652439810636
1744907342,1,,Aggregated,7.200000,0.000000,10,16,23,30,65,85,120,150,300,900,1000,380017,54,10,22.713100960666477,0.7267059991136193,1018.9443069975823,172.36524944936673
1744907343,1,,Aggregated,7.200000,0.000000,10,16,23,30,65,85,120,150,300,900,1000,380025,54,10,22.71294449116664,0.7267059991136193,1018.9443069975823,172.36525491743964
1744907344,1,,Aggregated,7.200000,0.000000,10,16,23,30,65,85,120,150,300,900,1000,380033,54,10,22.712744507967976,0.7267059991136193,1018.9443069975823,172.36526038528234
1744907345,1,,Aggregated,7.200000,0.000000,10,16,23,30,65,85,120,150,300,900,1000,380041,54,10,22.712524964560675,0.7267059991136193,1018.9443069975823,172.36526585289482
1744907346,1,,Aggregated,7.200000,0.000000,10,16,23,30,65,85,120,150,300,900,1000,380049,54,10,22.712329259141868,0.7267059991136193,1018.9443069975823,172.36527132027712
1744907347,1,,Aggregated,7.200000,0.000000,10,16,23,30,65,85,120,150,300,900,1000,380057,54,10,22.712147054559214,0.7267059991136193,1018.9443069975823,172.36527678742925
1744907348,1,,Aggregated,7.200000,0.000000,10,16,23,30,65,85,120,150,300,900,1000,380065,54,10,22.711925203482622,0.7267059991136193,1018.9443069975823,172.36528225435123
1744907349,1,,Aggregated,6.900000,0.000000,10,16,23,30,65,85,120,150,300,900,1000,380070,54,10,22.711694153423377,0.7267059991136193,1018.9443069975823,172.36360933512248
1744907350,1,,Aggregated,6.900000,0.000000,10,16,23,30,65,85,120,150,300,900,1000,380073,54,10,22.711737105941815,0.7267059991136193,1018.9443069975823,172.36528772104307
1744907351,1,,Aggregated,7.200000,0.000000,10,16,23,30,65,85,120,150,300,900,1000,380081,54,10,22.711522241610652,0.7267059991136193,1018.9443069975823,172.36529318750476
1744907352,1,,Aggregated,7.200000,0.000000,10,16,23,30,65,85,120,150,300,900,1000,380089,54,10,22.711294291301847,0.7267059991136193,1018.9443069975823,172.36529865373637
1744907353,1,,Aggregated,7.200000,0.000000,10,16,23,30,65,85,120,150,300,900,1000,380097,54,10,22.71110706098613,0.7267059991136193,1018.9443069975823,172.36530411973786
1744907354,1,,Aggregated,7.200000,0.000000,10,16,23,30,65,85,120,150,300,900,1000,380105,54,10,22.710923413650573,0.7267059991136193,1018.9443069975823,172.36530958550927
1744907355,1,,Aggregated,7.200000,0.000000,10,16,23,30,65,85,120,150,300,900,1000,380113,54,10,22.710703127071774,0.7267059991136193,1018.9443069975823,172.3653150510506
1744907356,1,,Aggregated,7.200000,0.000000,10,16,23,30,65,85,120,150,300,900,1000,380121,54,10,22.71046664111599,0.7267059991136193,1018.9443069975823,172.3653205163619
1744907357,1,,Aggregated,7.200000,0.000000,10,16,23,30,65,85,120,150,300,900,1000,380129,54,10,22.71032707050146,0.7267059991136193,1018.9443069975823,172.36532598144314
1744907358,1,,Aggregated,7.200000,0.000000,10,16,23,30,65,85,120,150,300,900,1000,380137,54,10,22.710134606951286,0.7267059991136193,1018.9443069975823,172.36533144629436
1744907359,1,,Aggregated,7.500000,0.000000,10,16,23,30,65,85,120,150,300,900,1000,380145,54,10,22.709975273363128,0.7267059991136193,1018.9443069975823,172.36533691091557
1744907360,1,,Aggregated,7.200000,0.000000,10,16,23,30,65,85,120,150,300,900,1000,380150,54,10,22.70973562476027,0.7267059991136193,1018.9443069975823,172.3636643430225
1744907361,1,,Aggregated,7.200000,0.000000,10,16,23,30,65,85,120,150,300,900,1000,380153,54,10,22.70981617563616,0.7267059991136193,1018.9443069975823,172.3653423753068
1744907362,1,,Aggregated,7.200000,0.000000,10,16,23,30,65,85,120,150,300,900,1000,380161,54,10,22.70962030851564,0.7267059991136193,1018.9443069975823,172.365347839468
1744907363,1,,Aggregated,7.200000,0.000000,10,16,23,30,65,85,120,150,300,900,1000,380169,54,10,22.709446525352185,0.7267059991136193,1018.9443069975823,172.36535330339927
1744907364,1,,Aggregated,7.200000,0.000000,10,16,23,30,65,85,120,150,300,900,1000,380177,54,10,22.709263670607662,0.7267059991136193,1018.9443069975823,172.3653587671006
1744907365,1,,Aggregated,7.200000,0.000000,10,16,23,30,65,85,120,150,300,900,1000,380185,54,10,22.70908192148721,0.7267059991136193,1018.9443069975823,172.36536423057197
1744907366,1,,Aggregated,7.200000,0.000000,10,16,23,30,65,85,120,150,300,900,1000,380193,54,10,22.708917507080944,0.7267059991136193,1018.9443069975823,172.3653696938134
1744907367,1,,Aggregated,7.200000,0.000000,10,16,23,30,65,85,120,150,300,900,1000,380201,54,10,22.70872410820494,0.7267059991136193,1018.9443069975823,172.36537515682494
1744907368,1,,Aggregated,6.900000,0.000000,10,16,23,30,65,85,120,150,300,900,1000,380209,54,10,22.708526610999773,0.7267059991136193,1018.9443069975823,172.36538061960658
1744907369,1,,Aggregated,6.700000,0.000000,10,16,23,30,65,85,120,150,300,900,1000,380217,54,10,22.708338341346167,0.7267059991136193,1018.9443069975823,172.36538608215835
1744907370,1,,Aggregated,7.200000,0.000000,10,16,23,30,65,85,120,150,300,900,1000,380222,54,10,22.708099568177595,0.7267059991136193,1018.9443069975823,172.36371383034123
1744907371,1,,Aggregated,7.200000,0.000000,10,16,23,30,65,85,120,150,300,900,1000,380225,54,10,22.70813995108323,0.7267059991136193,1018.9443069975823,172.36539154448025
1744907372,1,,Aggregated,7.200000,0.000000,10,16,23,30,65,85,120,150,300,900,1000,380233,54,10,22.707975349219094,0.7267059991136193,1018.9443069975823,172.3653970065723
1744907373,1,,Aggregated,7.200000,0.000000,10,16,23,30,65,85,120,150,300,900,1000,380241,54,10,22.707804820297227,0.7267059991136193,1018.9443069975823,172.3654024684345
1744907374,1,,Aggregated,7.200000,0.000000,10,16,23,30,65,85,120,150,300,900,1000,380249,54,10,22.7075844063302,0.7267059991136193,1018.9443069975823,172.36540793006688
1744907375,1,,Aggregated,7.200000,0.000000,10,16,23,30,65,85,120,150,300,900,1000,380257,54,10,22.70742413672766,0.7267059991136193,1018.9443069975823,172.36541339146945
1744907376,1,,Aggregated,7.200000,0.000000,10,16,23,30,65,85,120,150,300,900,1000,380265,54,10,22.707200042900737,0.7267059991136193,1018.9443069975823,172.36541885264225
1744907377,1,,Aggregated,7.200000,0.000000,10,16,23,30,65,85,120,150,300,900,1000,380273,54,10,22.70699657556453,0.7267059991136193,1018.9443069975823,172.36542431358524
1744907378,1,,Aggregated,7.200000,0.000000,10,16,23,30,65,85,120,150,300,900,1000,380281,54,10,22.70679858443006,0.7267059991136193,1018.9443069975823,172.3654297742985
1744907379,1,,Aggregated,7.200000,0.000000,10,16,23,30,65,85,120,150,300,900,1000,380289,54,10,22.70657780974639,0.7267059991136193,1018.9443069975823,172.36543523478196
1744907380,1,,Aggregated,7.200000,0.000000,10,16,23,30,65,85,120,150,300,900,1000,380297,54,10,22.70637306848763,0.7267059991136193,1018.9443069975823,172.36544069503572
1744907381,1,,Aggregated,7.200000,0.000000,10,16,23,30,65,85,120,150,300,900,1000,380302,54,10,22.706134944771875,0.7267059991136193,1018.9443069975823,172.36376879427402
1744907382,1,,Aggregated,7.200000,0.000000,10,16,23,30,65,85,120,150,300,900,1000,380305,54,10,22.70618605663777,0.7267059991136193,1018.9443069975823,172.36544615505974
1744907383,1,,Aggregated,7.200000,0.000000,10,16,23,30,65,85,120,150,300,900,1000,380313,54,10,22.70598525410547,0.7267059991136193,1018.9443069975823,172.36545161485407
1744907384,1,,Aggregated,7.200000,0.000000,10,16,23,30,65,85,120,150,300,900,1000,380321,54,10,22.705833867737038,0.7267059991136193,1018.9443069975823,172.3654570744187
1744907385,1,,Aggregated,7.200000,0.000000,10,16,23,30,65,85,120,150,300,900,1000,380329,54,10,22.70563389665164,0.7267059991136193,1018.9443069975823,172.36546253375366
1744907386,1,,Aggregated,7.200000,0.000000,10,16,23,30,65,85,120,150,300,900,1000,380337,54,10,22.70543790199643,0.7267059991136193,1018.9443069975823,172.36546799285895
1744907387,1,,Aggregated,7.200000,0.000000,10,16,23,30,65,85,120,150,300,900,1000,380345,54,10,22.705256255117376,0.7267059991136193,1018.9443069975823,172.3654734517346
1744907388,1,,Aggregated,7.200000,0.000000,10,16,23,30,65,85,120,150,300,900,1000,380353,54,10,22.705020874902043,0.7267059991136193,1018.9443069975823,172.36547891038063
1744907389,1,,Aggregated,7.200000,0.000000,10,16,23,30,65,85,120,150,300,900,1000,380361,54,10,22.70482754938762,0.7267059991136193,1018.9443069975823,172.365484368797
1744907390,1,,Aggregated,7.200000,0.000000,10,16,23,30,65,85,120,150,300,900,1000,380369,54,10,22.704599984372056,0.7267059991136193,1018.9443069975823,172.3654898269838
1744907391,1,,Aggregated,7.200000,0.000000,10,16,23,30,65,85,120,150,300,900,1000,380377,54,10,22.704420464779968,0.7267059991136193,1018.9443069975823,172.365495284941
1744907392,1,,Aggregated,7.200000,0.000000,10,16,23,30,65,85,120,150,300,900,1000,380382,54,10,22.704183319175492,0.7267059991136193,1018.9443069975823,172.36382373508735
1744907393,1,,Aggregated,7.200000,0.000000,10,16,23,30,65,85,120,150,300,900,1000,380385,54,10,22.704230999799186,0.7267059991136193,1018.9443069975823,172.36550074266862
1744907394,1,,Aggregated,7.200000,0.000000,10,16,23,30,65,85,120,150,300,900,1000,380393,54,10,22.704050773131,0.7267059991136193,1018.9443069975823,172.36550620016666
1744907395,1,,Aggregated,7.200000,0.000000,10,16,23,30,65,85,120,150,300,900,1000,380401,54,10,22.70383833263223,0.7267059991136193,1018.9443069975823,172.36551165743518
1744907396,1,,Aggregated,7.200000,0.000000,10,16,23,30,65,85,120,150,300,900,1000,380409,54,10,22.703647690045777,0.7267059991136193,1018.9443069975823,172.36551711447416
1744907397,1,,Aggregated,7.200000,0.000000,10,16,23,30,65,85,120,150,300,900,1000,380417,54,10,22.703449486283787,0.7267059991136193,1018.9443069975823,172.3655225712836
1744907398,1,,Aggregated,7.300000,0.000000,10,16,23,30,65,85,120,150,300,900,1000,380425,54,10,22.703257724583324,0.7267059991136193,1018.9443069975823,172.36552802786358
1744907399,1,,Aggregated,7.200000,0.000000,10,16,23,30,65,85,120,150,300,900,1000,380433,54,10,22.703084848708226,0.7267059991136193,1018.9443069975823,172.36553348421404
1744907400,1,,Aggregated,7.200000,0.000000,10,16,23,30,65,85,120,150,300,900,1000,380441,54,10,22.70284307207062,0.7267059991136193,1018.9443069975823,172.36553894033503
1744907401,1,,Aggregated,7.200000,0.000000,10,16,23,30,65,85,120,150,300,900,1000,380449,54,10,22.70261573809795,0.7267059991136193,1018.9443069975823,172.36554439622657
1744907402,1,,Aggregated,7.200000,0.000000,10,16,23,30,65,85,120,150,300,900,1000,380457,54,10,22.70242604165416,0.7267059991136193,1018.9443069975823,172.36554985188866
1744907403,1,,Aggregated,7.200000,0.000000,10,16,23,30,65,85,120,150,300,900,1000,380462,54,10,22.702194772223248,0.7267059991136193,1018.9443069975823,172.36387865279582
1744907404,1,,Aggregated,7.200000,0.000000,10,16,23,30,65,85,120,150,300,900,1000,380465,54,10,22.702229957290704,0.7267059991136193,1018.9443069975823,172.3655553073213
1744907405,1,,Aggregated,7.200000,0.000000,10,16,23,30,65,85,120,150,300,900,1000,380473,54,10,22.701990851389212,0.7267059991136193,1018.9443069975823,172.36556076252455
1744907406,1,,Aggregated,7.200000,0.000000,10,16,23,30,65,85,120,150,300,900,1000,380481,54,10,22.70177145228173,0.7267059991136193,1018.9443069975823,172.36556621749838
1744907407,1,,Aggregated,7.200000,0.000000,10,16,23,30,65,85,120,150,300,900,1000,380489,54,10,22.701617968846953,0.7267059991136193,1018.9443069975823,172.36557167224282
1744907408,1,,Aggregated,7.400000,0.000000,10,16,23,30,65,85,120,150,300,900,1000,380497,54,10,22.701438319123707,0.7267059991136193,1018.9443069975823,172.3655771267579
1744907409,1,,Aggregated,7.700000,0.000000,10,16,23,30,65,85,120,150,300,900,1000,380505,54,10,22.7012776252812,0.7267059991136193,1018.9443069975823,172.3655825810436
1744907410,1,,Aggregated,7.200000,0.000000,10,16,23,30,65,85,120,150,300,900,1000,380513,54,10,22.701039525936377,0.7267059991136193,1018.9443069975823,172.3655880351
1744907411,1,,Aggregated,7.200000,0.000000,10,16,23,30,65,85,120,150,300,900,1000,380521,54,10,22.700832008624044,0.7267059991136193,1018.9443069975823,172.36559348892703
1744907412,1,,Aggregated,7.200000,0.000000,10,16,23,30,65,85,120,150,300,900,1000,380529,54,10,22.700667598970448,0.7267059991136193,1018.9443069975823,172.36559894252474
1744907413,1,,Aggregated,7.200000,0.000000,10,16,23,30,65,85,120,150,300,900,1000,380536,54,10,22.70063868579221,0.7267059991136193,1018.9443069975823,172.3660205604726
1744907414,1,,Aggregated,7.200000,0.000000,10,16,23,30,65,85,120,150,300,900,1000,380537,54,10,22.700620190987028,0.7267059991136193,1018.9443069975823,172.36560439589317
1744907415,1,,Aggregated,7.200000,0.000000,10,16,23,30,65,85,120,150,300,900,1000,380545,54,10,22.70041820492093,0.7267059991136193,1018.9443069975823,172.3656098490323
1744907416,1,,Aggregated,7.200000,0.000000,10,16,23,30,65,85,120,150,300,900,1000,380553,54,10,22.700247484520258,0.7267059991136193,1018.9443069975823,172.36561530194217
1744907417,1,,Aggregated,7.200000,0.000000,10,16,23,30,65,85,120,150,300,900,1000,380561,54,10,22.700041427328706,0.7267059991136193,1018.9443069975823,172.36562075462277
1744907418,1,,Aggregated,6.900000,0.000000,10,16,23,30,65,85,120,150,300,900,1000,380569,54,10,22.699866417726174,0.7267059991136193,1018.9443069975823,172.36562620707414
1744907419,1,,Aggregated,6.700000,0.000000,10,16,23,30,65,85,120,150,300,900,1000,380577,54,10,22.699683264902102,0.7267059991136193,1018.9443069975823,172.36563165929627
1744907420,1,,Aggregated,7.200000,0.000000,10,16,23,30,65,85,120,150,300,900,1000,380585,54,10,22.699569986396323,0.7267059991136193,1018.9443069975823,172.3656371112892
1744907421,1,,Aggregated,7.200000,0.000000,10,16,23,30,65,85,120,150,300,900,1000,380593,54,10,22.699356467343463,0.7267059991136193,1018.9443069975823,172.36564256305292
1744907422,1,,Aggregated,7.200000,0.000000,10,16,23,30,65,85,120,150,300,900,1000,380601,54,10,22.699099033028425,0.7267059991136193,1018.9443069975823,172.36564801458746
1744907423,1,,Aggregated,7.200000,0.000000,10,16,23,30,65,85,120,150,300,900,1000,380609,54,10,22.69886464958176,0.7267059991136193,1018.9443069975823,172.36565346589282
1744907424,1,,Aggregated,7.200000,0.000000,10,16,23,30,65,85,120,150,300,900,1000,380614,54,10,22.698628218653713,0.7267059991136193,1018.9443069975823,172.3639829328401
1744907425,1,,Aggregated,7.200000,0.000000,10,16,23,30,65,85,120,150,300,900,1000,380617,54,10,22.698685495310706,0.7267059991136193,1018.9443069975823,172.36565891696904
1744907426,1,,Aggregated,7.200000,0.000000,10,16,23,30,65,85,120,150,300,900,1000,380625,54,10,22.69852012997745,0.7267059991136193,1018.9443069975823,172.3656643678161
1744907427,1,,Aggregated,7.200000,0.000000,10,16,23,30,65,85,120,150,300,900,1000,380633,54,10,22.69831653351568,0.7267059991136193,1018.9443069975823,172.36566981843404
1744907428,1,,Aggregated,7.200000,0.000000,10,16,23,30,65,85,120,150,300,900,1000,380641,54,10,22.69814264215802,0.7267059991136193,1018.9443069975823,172.36567526882286
1744907429,1,,Aggregated,7.200000,0.000000,10,16,23,30,65,85,120,150,300,900,1000,380649,54,10,22.697945414977287,0.7267059991136193,1018.9443069975823,172.3656807189826
1744907430,1,,Aggregated,7.200000,0.000000,10,16,23,30,65,85,120,150,300,900,1000,380657,54,10,22.697771938287374,0.7267059991136193,1018.9443069975823,172.36568616891321
1744907431,1,,Aggregated,7.200000,0.000000,10,16,23,30,65,85,120,150,300,900,1000,380665,54,10,22.69759173119579,0.7267059991136193,1018.9443069975823,172.3656916186148
1744907432,1,,Aggregated,7.200000,0.000000,10,16,23,30,65,85,120,150,300,900,1000,380673,54,10,22.69736787639693,0.7267059991136193,1018.9443069975823,172.36569706808731
1744907433,1,,Aggregated,7.200000,0.000000,10,16,23,30,65,85,120,150,300,900,1000,380681,54,10,22.697172677545392,0.7267059991136193,1018.9443069975823,172.3657025173308
1744907434,1,,Aggregated,7.200000,0.000000,10,16,23,30,65,85,120,150,300,900,1000,380689,54,10,22.69701539947217,0.7267059991136193,1018.9443069975823,172.36570796634524
1744907435,1,,Aggregated,7.200000,0.000000,10,16,23,30,65,85,120,150,300,900,1000,380693,54,10,22.696830742242867,0.7267059991136193,1018.9443069975823,172.36449054750153
1744907436,1,,Aggregated,7.200000,0.000000,10,16,23,30,65,85,120,150,300,900,1000,380697,54,10,22.6968105380858,0.7267059991136193,1018.9443069975823,172.36571341513067
1744907437,1,,Aggregated,7.200000,0.000000,10,16,23,30,65,85,120,150,300,900,1000,380705,54,10,22.696579272493565,0.7267059991136193,1018.9443069975823,172.3657188636871
1744907439,1,,Aggregated,7.200000,0.000000,10,16,23,30,65,85,120,150,300,900,1000,380713,54,10,22.696374359569177,0.7267059991136193,1018.9443069975823,172.36572431201455
1744907440,1,,Aggregated,7.200000,0.000000,10,16,23,30,65,85,120,150,300,900,1000,380721,54,10,22.696158709521313,0.7267059991136193,1018.9443069975823,172.36572976011306
1744907441,1,,Aggregated,7.200000,0.000000,10,16,23,30,65,85,120,150,300,900,1000,380729,54,10,22.695960375084795,0.7267059991136193,1018.9443069975823,172.36573520798257
1744907442,1,,Aggregated,7.200000,0.000000,10,16,23,30,65,85,120,150,300,900,1000,380737,54,10,22.69576939893588,0.7267059991136193,1018.9443069975823,172.36574065562317
1744907443,1,,Aggregated,7.200000,0.000000,10,16,23,30,65,85,120,150,300,900,1000,380745,54,10,22.69556419303644,0.7267059991136193,1018.9443069975823,172.36574610303484
1744907444,1,,Aggregated,7.200000,0.000000,10,16,23,30,65,85,120,150,300,900,1000,380753,54,10,22.695395916777183,0.7267059991136193,1018.9443069975823,172.3657515502176
1744907445,1,,Aggregated,7.200000,0.000000,10,16,23,30,65,85,120,150,300,900,1000,380761,54,10,22.69520328515962,0.7267059991136193,1018.9443069975823,172.36575699717145
1744907446,1,,Aggregated,7.200000,0.000000,10,16,23,30,65,85,120,150,300,900,1000,380769,54,10,22.69502075965659,0.7267059991136193,1018.9443069975823,172.36576244389644
1744907447,1,,Aggregated,7.200000,0.000000,10,16,23,30,65,85,120,150,300,900,1000,380773,54,10,22.694838074928327,0.7267059991136193,1018.9443069975823,172.36454528025885
1744907448,1,,Aggregated,7.200000,0.000000,10,16,23,30,65,85,120,150,300,900,1000,380777,54,10,22.69484843982877,0.7267059991136193,1018.9443069975823,172.36576789039253
1744907449,1,,Aggregated,7.200000,0.000000,10,16,23,30,65,85,120,150,300,900,1000,380785,54,10,22.69459735714816,0.7267059991136193,1018.9443069975823,172.3657733366598
1744907450,1,,Aggregated,7.200000,0.000000,10,16,23,30,65,85,120,150,300,900,1000,380793,54,10,22.694420828717114,0.7267059991136193,1018.9443069975823,172.36577878269821
